3001
3001
2
3003
6004
9005
12006
15007
18008
21009
24010
27011
30012
33013
36014
39015
42016
45017
48018
51019
54020
57021
60022
63023
66024
69025
72026
75027
78028
81029
84030
87031
90032
93033
96034
99035
102036
105037
108038
111039
114040
117041
120042
123043
126044
129045
132046
135047
138048
141049
144050
147051
150052
153053
156054
159055
162056
165057
168058
171059
174060
177061
180062
183063
186064
189065
192066
195067
198068
201069
204070
207071
210072
213073
216074
219075
222076
225077
228078
231079
234080
237081
240082
243083
246084
249085
252086
255087
258088
261089
264090
267091
270092
273093
276094
279095
282096
285097
288098
291099
294100
297101
300102
303103
306104
309105
312106
315107
318108
321109
324110
327111
330112
333113
336114
339115
342116
345117
348118
351119
354120
357121
360122
363123
366124
369125
372126
375127
378128
381129
384130
387131
390132
393133
396134
399135
402136
405137
408138
411139
414140
417141
420142
423143
426144
429145
432146
435147
438148
441149
444150
447151
450152
453153
456154
459155
462156
465157
468158
471159
474160
477161
480162
483163
486164
489165
492166
495167
498168
501169
504170
507171
510172
513173
516174
519175
522176
525177
528178
531179
534180
537181
540182
543183
546184
549185
552186
555187
558188
561189
564190
567191
570192
573193
576194
579195
582196
585197
588198
591199
594200
597201
600202
603203
606204
609205
612206
615207
618208
621209
624210
627211
630212
633213
636214
639215
642216
645217
648218
651219
654220
657221
660222
663223
666224
669225
672226
675227
678228
681229
684230
687231
690232
693233
696234
699235
702236
705237
708238
711239
714240
717241
720242
723243
726244
729245
732246
735247
738248
741249
744250
747251
750252
753253
756254
759255
762256
765257
768258
771259
774260
777261
780262
783263
786264
789265
792266
795267
798268
801269
804270
807271
810272
813273
816274
819275
822276
825277
828278
831279
834280
837281
840282
843283
846284
849285
852286
855287
858288
861289
864290
867291
870292
873293
876294
879295
882296
885297
888298
891299
894300
897301
900302
903303
906304
909305
912306
915307
918308
921309
924310
927311
930312
933313
936314
939315
942316
945317
948318
951319
954320
957321
960322
963323
966324
969325
972326
975327
978328
981329
984330
987331
990332
993333
996334
999335
1002336
1005337
1008338
1011339
1014340
1017341
1020342
1023343
1026344
1029345
1032346
1035347
1038348
1041349
1044350
1047351
1050352
1053353
1056354
1059355
1062356
1065357
1068358
1071359
1074360
1077361
1080362
1083363
1086364
1089365
1092366
1095367
1098368
1101369
1104370
1107371
1110372
1113373
1116374
1119375
1122376
1125377
1128378
1131379
1134380
1137381
1140382
1143383
1146384
1149385
1152386
1155387
1158388
1161389
1164390
1167391
1170392
1173393
1176394
1179395
1182396
1185397
1188398
1191399
1194400
1197401
1200402
1203403
1206404
1209405
1212406
1215407
1218408
1221409
1224410
1227411
1230412
1233413
1236414
1239415
1242416
1245417
1248418
1251419
1254420
1257421
1260422
1263423
1266424
1269425
1272426
1275427
1278428
1281429
1284430
1287431
1290432
1293433
1296434
1299435
1302436
1305437
1308438
1311439
1314440
1317441
1320442
1323443
1326444
1329445
1332446
1335447
1338448
1341449
1344450
1347451
1350452
1353453
1356454
1359455
1362456
1365457
1368458
1371459
1374460
1377461
1380462
1383463
1386464
1389465
1392466
1395467
1398468
1401469
1404470
1407471
1410472
1413473
1416474
1419475
1422476
1425477
1428478
1431479
1434480
1437481
1440482
1443483
1446484
1449485
1452486
1455487
1458488
1461489
1464490
1467491
1470492
1473493
1476494
1479495
1482496
1485497
1488498
1491499
1494500
1497501
1500502
1503503
1506504
1509505
1512506
1515507
1518508
1521509
1524510
1527511
1530512
1533513
1536514
1539515
1542516
1545517
1548518
1551519
1554520
1557521
1560522
1563523
1566524
1569525
1572526
1575527
1578528
1581529
1584530
1587531
1590532
1593533
1596534
1599535
1602536
1605537
1608538
1611539
1614540
1617541
1620542
1623543
1626544
1629545
1632546
1635547
1638548
1641549
1644550
1647551
1650552
1653553
1656554
1659555
1662556
1665557
1668558
1671559
1674560
1677561
1680562
1683563
1686564
1689565
1692566
1695567
1698568
1701569
1704570
1707571
1710572
1713573
1716574
1719575
1722576
1725577
1728578
1731579
1734580
1737581
1740582
1743583
1746584
1749585
1752586
1755587
1758588
1761589
1764590
1767591
1770592
1773593
1776594
1779595
1782596
1785597
1788598
1791599
1794600
1797601
1800602
1803603
1806604
1809605
1812606
1815607
1818608
1821609
1824610
1827611
1830612
1833613
1836614
1839615
1842616
1845617
1848618
1851619
1854620
1857621
1860622
1863623
1866624
1869625
1872626
1875627
1878628
1881629
1884630
1887631
1890632
1893633
1896634
1899635
1902636
1905637
1908638
1911639
1914640
1917641
1920642
1923643
1926644
1929645
1932646
1935647
1938648
1941649
1944650
1947651
1950652
1953653
1956654
1959655
1962656
1965657
1968658
1971659
1974660
1977661
1980662
1983663
1986664
1989665
1992666
1995667
1998668
2001669
2004670
2007671
2010672
2013673
2016674
2019675
2022676
2025677
2028678
2031679
2034680
2037681
2040682
2043683
2046684
2049685
2052686
2055687
2058688
2061689
2064690
2067691
2070692
2073693
2076694
2079695
2082696
2085697
2088698
2091699
2094700
2097701
2100702
2103703
2106704
2109705
2112706
2115707
2118708
2121709
2124710
2127711
2130712
2133713
2136714
2139715
2142716
2145717
2148718
2151719
2154720
2157721
2160722
2163723
2166724
2169725
2172726
2175727
2178728
2181729
2184730
2187731
2190732
2193733
2196734
2199735
2202736
2205737
2208738
2211739
2214740
2217741
2220742
2223743
2226744
2229745
2232746
2235747
2238748
2241749
2244750
2247751
2250752
2253753
2256754
2259755
2262756
2265757
2268758
2271759
2274760
2277761
2280762
2283763
2286764
2289765
2292766
2295767
2298768
2301769
2304770
2307771
2310772
2313773
2316774
2319775
2322776
2325777
2328778
2331779
2334780
2337781
2340782
2343783
2346784
2349785
2352786
2355787
2358788
2361789
2364790
2367791
2370792
2373793
2376794
2379795
2382796
2385797
2388798
2391799
2394800
2397801
2400802
2403803
2406804
2409805
2412806
2415807
2418808
2421809
2424810
2427811
2430812
2433813
2436814
2439815
2442816
2445817
2448818
2451819
2454820
2457821
2460822
2463823
2466824
2469825
2472826
2475827
2478828
2481829
2484830
2487831
2490832
2493833
2496834
2499835
2502836
2505837
2508838
2511839
2514840
2517841
2520842
2523843
2526844
2529845
2532846
2535847
2538848
2541849
2544850
2547851
2550852
2553853
2556854
2559855
2562856
2565857
2568858
2571859
2574860
2577861
2580862
2583863
2586864
2589865
2592866
2595867
2598868
2601869
2604870
2607871
2610872
2613873
2616874
2619875
2622876
2625877
2628878
2631879
2634880
2637881
2640882
2643883
2646884
2649885
2652886
2655887
2658888
2661889
2664890
2667891
2670892
2673893
2676894
2679895
2682896
2685897
2688898
2691899
2694900
2697901
2700902
2703903
2706904
2709905
2712906
2715907
2718908
2721909
2724910
2727911
2730912
2733913
2736914
2739915
2742916
2745917
2748918
2751919
2754920
2757921
2760922
2763923
2766924
2769925
2772926
2775927
2778928
2781929
2784930
2787931
2790932
2793933
2796934
2799935
2802936
2805937
2808938
2811939
2814940
2817941
2820942
2823943
2826944
2829945
2832946
2835947
2838948
2841949
2844950
2847951
2850952
2853953
2856954
2859955
2862956
2865957
2868958
2871959
2874960
2877961
2880962
2883963
2886964
2889965
2892966
2895967
2898968
2901969
2904970
2907971
2910972
2913973
2916974
2919975
2922976
2925977
2928978
2931979
2934980
2937981
2940982
2943983
2946984
2949985
2952986
2955987
2958988
2961989
2964990
2967991
2970992
2973993
2976994
2979995
2982996
2985997
2988998
2991999
2995000
2998001
3001002
3004003
3007004
3010005
3013006
3016007
3019008
3022009
3025010
3028011
3031012
3034013
3037014
3040015
3043016
3046017
3049018
3052019
3055020
3058021
3061022
3064023
3067024
3070025
3073026
3076027
3079028
3082029
3085030
3088031
3091032
3094033
3097034
3100035
3103036
3106037
3109038
3112039
3115040
3118041
3121042
3124043
3127044
3130045
3133046
3136047
3139048
3142049
3145050
3148051
3151052
3154053
3157054
3160055
3163056
3166057
3169058
3172059
3175060
3178061
3181062
3184063
3187064
3190065
3193066
3196067
3199068
3202069
3205070
3208071
3211072
3214073
3217074
3220075
3223076
3226077
3229078
3232079
3235080
3238081
3241082
3244083
3247084
3250085
3253086
3256087
3259088
3262089
3265090
3268091
3271092
3274093
3277094
3280095
3283096
3286097
3289098
3292099
3295100
3298101
3301102
3304103
3307104
3310105
3313106
3316107
3319108
3322109
3325110
3328111
3331112
3334113
3337114
3340115
3343116
3346117
3349118
3352119
3355120
3358121
3361122
3364123
3367124
3370125
3373126
3376127
3379128
3382129
3385130
3388131
3391132
3394133
3397134
3400135
3403136
3406137
3409138
3412139
3415140
3418141
3421142
3424143
3427144
3430145
3433146
3436147
3439148
3442149
3445150
3448151
3451152
3454153
3457154
3460155
3463156
3466157
3469158
3472159
3475160
3478161
3481162
3484163
3487164
3490165
3493166
3496167
3499168
3502169
3505170
3508171
3511172
3514173
3517174
3520175
3523176
3526177
3529178
3532179
3535180
3538181
3541182
3544183
3547184
3550185
3553186
3556187
3559188
3562189
3565190
3568191
3571192
3574193
3577194
3580195
3583196
3586197
3589198
3592199
3595200
3598201
3601202
3604203
3607204
3610205
3613206
3616207
3619208
3622209
3625210
3628211
3631212
3634213
3637214
3640215
3643216
3646217
3649218
3652219
3655220
3658221
3661222
3664223
3667224
3670225
3673226
3676227
3679228
3682229
3685230
3688231
3691232
3694233
3697234
3700235
3703236
3706237
3709238
3712239
3715240
3718241
3721242
3724243
3727244
3730245
3733246
3736247
3739248
3742249
3745250
3748251
3751252
3754253
3757254
3760255
3763256
3766257
3769258
3772259
3775260
3778261
3781262
3784263
3787264
3790265
3793266
3796267
3799268
3802269
3805270
3808271
3811272
3814273
3817274
3820275
3823276
3826277
3829278
3832279
3835280
3838281
3841282
3844283
3847284
3850285
3853286
3856287
3859288
3862289
3865290
3868291
3871292
3874293
3877294
3880295
3883296
3886297
3889298
3892299
3895300
3898301
3901302
3904303
3907304
3910305
3913306
3916307
3919308
3922309
3925310
3928311
3931312
3934313
3937314
3940315
3943316
3946317
3949318
3952319
3955320
3958321
3961322
3964323
3967324
3970325
3973326
3976327
3979328
3982329
3985330
3988331
3991332
3994333
3997334
4000335
4003336
4006337
4009338
4012339
4015340
4018341
4021342
4024343
4027344
4030345
4033346
4036347
4039348
4042349
4045350
4048351
4051352
4054353
4057354
4060355
4063356
4066357
4069358
4072359
4075360
4078361
4081362
4084363
4087364
4090365
4093366
4096367
4099368
4102369
4105370
4108371
4111372
4114373
4117374
4120375
4123376
4126377
4129378
4132379
4135380
4138381
4141382
4144383
4147384
4150385
4153386
4156387
4159388
4162389
4165390
4168391
4171392
4174393
4177394
4180395
4183396
4186397
4189398
4192399
4195400
4198401
4201402
4204403
4207404
4210405
4213406
4216407
4219408
4222409
4225410
4228411
4231412
4234413
4237414
4240415
4243416
4246417
4249418
4252419
4255420
4258421
4261422
4264423
4267424
4270425
4273426
4276427
4279428
4282429
4285430
4288431
4291432
4294433
4297434
4300435
4303436
4306437
4309438
4312439
4315440
4318441
4321442
4324443
4327444
4330445
4333446
4336447
4339448
4342449
4345450
4348451
4351452
4354453
4357454
4360455
4363456
4366457
4369458
4372459
4375460
4378461
4381462
4384463
4387464
4390465
4393466
4396467
4399468
4402469
4405470
4408471
4411472
4414473
4417474
4420475
4423476
4426477
4429478
4432479
4435480
4438481
4441482
4444483
4447484
4450485
4453486
4456487
4459488
4462489
4465490
4468491
4471492
4474493
4477494
4480495
4483496
4486497
4489498
4492499
4495500
4498501
4501502
4504503
4507504
4510505
4513506
4516507
4519508
4522509
4525510
4528511
4531512
4534513
4537514
4540515
4543516
4546517
4549518
4552519
4555520
4558521
4561522
4564523
4567524
4570525
4573526
4576527
4579528
4582529
4585530
4588531
4591532
4594533
4597534
4600535
4603536
4606537
4609538
4612539
4615540
4618541
4621542
4624543
4627544
4630545
4633546
4636547
4639548
4642549
4645550
4648551
4651552
4654553
4657554
4660555
4663556
4666557
4669558
4672559
4675560
4678561
4681562
4684563
4687564
4690565
4693566
4696567
4699568
4702569
4705570
4708571
4711572
4714573
4717574
4720575
4723576
4726577
4729578
4732579
4735580
4738581
4741582
4744583
4747584
4750585
4753586
4756587
4759588
4762589
4765590
4768591
4771592
4774593
4777594
4780595
4783596
4786597
4789598
4792599
4795600
4798601
4801602
4804603
4807604
4810605
4813606
4816607
4819608
4822609
4825610
4828611
4831612
4834613
4837614
4840615
4843616
4846617
4849618
4852619
4855620
4858621
4861622
4864623
4867624
4870625
4873626
4876627
4879628
4882629
4885630
4888631
4891632
4894633
4897634
4900635
4903636
4906637
4909638
4912639
4915640
4918641
4921642
4924643
4927644
4930645
4933646
4936647
4939648
4942649
4945650
4948651
4951652
4954653
4957654
4960655
4963656
4966657
4969658
4972659
4975660
4978661
4981662
4984663
4987664
4990665
4993666
4996667
4999668
5002669
5005670
5008671
5011672
5014673
5017674
5020675
5023676
5026677
5029678
5032679
5035680
5038681
5041682
5044683
5047684
5050685
5053686
5056687
5059688
5062689
5065690
5068691
5071692
5074693
5077694
5080695
5083696
5086697
5089698
5092699
5095700
5098701
5101702
5104703
5107704
5110705
5113706
5116707
5119708
5122709
5125710
5128711
5131712
5134713
5137714
5140715
5143716
5146717
5149718
5152719
5155720
5158721
5161722
5164723
5167724
5170725
5173726
5176727
5179728
5182729
5185730
5188731
5191732
5194733
5197734
5200735
5203736
5206737
5209738
5212739
5215740
5218741
5221742
5224743
5227744
5230745
5233746
5236747
5239748
5242749
5245750
5248751
5251752
5254753
5257754
5260755
5263756
5266757
5269758
5272759
5275760
5278761
5281762
5284763
5287764
5290765
5293766
5296767
5299768
5302769
5305770
5308771
5311772
5314773
5317774
5320775
5323776
5326777
5329778
5332779
5335780
5338781
5341782
5344783
5347784
5350785
5353786
5356787
5359788
5362789
5365790
5368791
5371792
5374793
5377794
5380795
5383796
5386797
5389798
5392799
5395800
5398801
5401802
5404803
5407804
5410805
5413806
5416807
5419808
5422809
5425810
5428811
5431812
5434813
5437814
5440815
5443816
5446817
5449818
5452819
5455820
5458821
5461822
5464823
5467824
5470825
5473826
5476827
5479828
5482829
5485830
5488831
5491832
5494833
5497834
5500835
5503836
5506837
5509838
5512839
5515840
5518841
5521842
5524843
5527844
5530845
5533846
5536847
5539848
5542849
5545850
5548851
5551852
5554853
5557854
5560855
5563856
5566857
5569858
5572859
5575860
5578861
5581862
5584863
5587864
5590865
5593866
5596867
5599868
5602869
5605870
5608871
5611872
5614873
5617874
5620875
5623876
5626877
5629878
5632879
5635880
5638881
5641882
5644883
5647884
5650885
5653886
5656887
5659888
5662889
5665890
5668891
5671892
5674893
5677894
5680895
5683896
5686897
5689898
5692899
5695900
5698901
5701902
5704903
5707904
5710905
5713906
5716907
5719908
5722909
5725910
5728911
5731912
5734913
5737914
5740915
5743916
5746917
5749918
5752919
5755920
5758921
5761922
5764923
5767924
5770925
5773926
5776927
5779928
5782929
5785930
5788931
5791932
5794933
5797934
5800935
5803936
5806937
5809938
5812939
5815940
5818941
5821942
5824943
5827944
5830945
5833946
5836947
5839948
5842949
5845950
5848951
5851952
5854953
5857954
5860955
5863956
5866957
5869958
5872959
5875960
5878961
5881962
5884963
5887964
5890965
5893966
5896967
5899968
5902969
5905970
5908971
5911972
5914973
5917974
5920975
5923976
5926977
5929978
5932979
5935980
5938981
5941982
5944983
5947984
5950985
5953986
5956987
5959988
5962989
5965990
5968991
5971992
5974993
5977994
5980995
5983996
5986997
5989998
5992999
5996000
5999001
6002002
6005003
6008004
6011005
6014006
6017007
6020008
6023009
6026010
6029011
6032012
6035013
6038014
6041015
6044016
6047017
6050018
6053019
6056020
6059021
6062022
6065023
6068024
6071025
6074026
6077027
6080028
6083029
6086030
6089031
6092032
6095033
6098034
6101035
6104036
6107037
6110038
6113039
6116040
6119041
6122042
6125043
6128044
6131045
6134046
6137047
6140048
6143049
6146050
6149051
6152052
6155053
6158054
6161055
6164056
6167057
6170058
6173059
6176060
6179061
6182062
6185063
6188064
6191065
6194066
6197067
6200068
6203069
6206070
6209071
6212072
6215073
6218074
6221075
6224076
6227077
6230078
6233079
6236080
6239081
6242082
6245083
6248084
6251085
6254086
6257087
6260088
6263089
6266090
6269091
6272092
6275093
6278094
6281095
6284096
6287097
6290098
6293099
6296100
6299101
6302102
6305103
6308104
6311105
6314106
6317107
6320108
6323109
6326110
6329111
6332112
6335113
6338114
6341115
6344116
6347117
6350118
6353119
6356120
6359121
6362122
6365123
6368124
6371125
6374126
6377127
6380128
6383129
6386130
6389131
6392132
6395133
6398134
6401135
6404136
6407137
6410138
6413139
6416140
6419141
6422142
6425143
6428144
6431145
6434146
6437147
6440148
6443149
6446150
6449151
6452152
6455153
6458154
6461155
6464156
6467157
6470158
6473159
6476160
6479161
6482162
6485163
6488164
6491165
6494166
6497167
6500168
6503169
6506170
6509171
6512172
6515173
6518174
6521175
6524176
6527177
6530178
6533179
6536180
6539181
6542182
6545183
6548184
6551185
6554186
6557187
6560188
6563189
6566190
6569191
6572192
6575193
6578194
6581195
6584196
6587197
6590198
6593199
6596200
6599201
6602202
6605203
6608204
6611205
6614206
6617207
6620208
6623209
6626210
6629211
6632212
6635213
6638214
6641215
6644216
6647217
6650218
6653219
6656220
6659221
6662222
6665223
6668224
6671225
6674226
6677227
6680228
6683229
6686230
6689231
6692232
6695233
6698234
6701235
6704236
6707237
6710238
6713239
6716240
6719241
6722242
6725243
6728244
6731245
6734246
6737247
6740248
6743249
6746250
6749251
6752252
6755253
6758254
6761255
6764256
6767257
6770258
6773259
6776260
6779261
6782262
6785263
6788264
6791265
6794266
6797267
6800268
6803269
6806270
6809271
6812272
6815273
6818274
6821275
6824276
6827277
6830278
6833279
6836280
6839281
6842282
6845283
6848284
6851285
6854286
6857287
6860288
6863289
6866290
6869291
6872292
6875293
6878294
6881295
6884296
6887297
6890298
6893299
6896300
6899301
6902302
6905303
6908304
6911305
6914306
6917307
6920308
6923309
6926310
6929311
6932312
6935313
6938314
6941315
6944316
6947317
6950318
6953319
6956320
6959321
6962322
6965323
6968324
6971325
6974326
6977327
6980328
6983329
6986330
6989331
6992332
6995333
6998334
7001335
7004336
7007337
7010338
7013339
7016340
7019341
7022342
7025343
7028344
7031345
7034346
7037347
7040348
7043349
7046350
7049351
7052352
7055353
7058354
7061355
7064356
7067357
7070358
7073359
7076360
7079361
7082362
7085363
7088364
7091365
7094366
7097367
7100368
7103369
7106370
7109371
7112372
7115373
7118374
7121375
7124376
7127377
7130378
7133379
7136380
7139381
7142382
7145383
7148384
7151385
7154386
7157387
7160388
7163389
7166390
7169391
7172392
7175393
7178394
7181395
7184396
7187397
7190398
7193399
7196400
7199401
7202402
7205403
7208404
7211405
7214406
7217407
7220408
7223409
7226410
7229411
7232412
7235413
7238414
7241415
7244416
7247417
7250418
7253419
7256420
7259421
7262422
7265423
7268424
7271425
7274426
7277427
7280428
7283429
7286430
7289431
7292432
7295433
7298434
7301435
7304436
7307437
7310438
7313439
7316440
7319441
7322442
7325443
7328444
7331445
7334446
7337447
7340448
7343449
7346450
7349451
7352452
7355453
7358454
7361455
7364456
7367457
7370458
7373459
7376460
7379461
7382462
7385463
7388464
7391465
7394466
7397467
7400468
7403469
7406470
7409471
7412472
7415473
7418474
7421475
7424476
7427477
7430478
7433479
7436480
7439481
7442482
7445483
7448484
7451485
7454486
7457487
7460488
7463489
7466490
7469491
7472492
7475493
7478494
7481495
7484496
7487497
7490498
7493499
7496500
7499501
7502502
7505503
7508504
7511505
7514506
7517507
7520508
7523509
7526510
7529511
7532512
7535513
7538514
7541515
7544516
7547517
7550518
7553519
7556520
7559521
7562522
7565523
7568524
7571525
7574526
7577527
7580528
7583529
7586530
7589531
7592532
7595533
7598534
7601535
7604536
7607537
7610538
7613539
7616540
7619541
7622542
7625543
7628544
7631545
7634546
7637547
7640548
7643549
7646550
7649551
7652552
7655553
7658554
7661555
7664556
7667557
7670558
7673559
7676560
7679561
7682562
7685563
7688564
7691565
7694566
7697567
7700568
7703569
7706570
7709571
7712572
7715573
7718574
7721575
7724576
7727577
7730578
7733579
7736580
7739581
7742582
7745583
7748584
7751585
7754586
7757587
7760588
7763589
7766590
7769591
7772592
7775593
7778594
7781595
7784596
7787597
7790598
7793599
7796600
7799601
7802602
7805603
7808604
7811605
7814606
7817607
7820608
7823609
7826610
7829611
7832612
7835613
7838614
7841615
7844616
7847617
7850618
7853619
7856620
7859621
7862622
7865623
7868624
7871625
7874626
7877627
7880628
7883629
7886630
7889631
7892632
7895633
7898634
7901635
7904636
7907637
7910638
7913639
7916640
7919641
7922642
7925643
7928644
7931645
7934646
7937647
7940648
7943649
7946650
7949651
7952652
7955653
7958654
7961655
7964656
7967657
7970658
7973659
7976660
7979661
7982662
7985663
7988664
7991665
7994666
7997667
8000668
8003669
8006670
8009671
8012672
8015673
8018674
8021675
8024676
8027677
8030678
8033679
8036680
8039681
8042682
8045683
8048684
8051685
8054686
8057687
8060688
8063689
8066690
8069691
8072692
8075693
8078694
8081695
8084696
8087697
8090698
8093699
8096700
8099701
8102702
8105703
8108704
8111705
8114706
8117707
8120708
8123709
8126710
8129711
8132712
8135713
8138714
8141715
8144716
8147717
8150718
8153719
8156720
8159721
8162722
8165723
8168724
8171725
8174726
8177727
8180728
8183729
8186730
8189731
8192732
8195733
8198734
8201735
8204736
8207737
8210738
8213739
8216740
8219741
8222742
8225743
8228744
8231745
8234746
8237747
8240748
8243749
8246750
8249751
8252752
8255753
8258754
8261755
8264756
8267757
8270758
8273759
8276760
8279761
8282762
8285763
8288764
8291765
8294766
8297767
8300768
8303769
8306770
8309771
8312772
8315773
8318774
8321775
8324776
8327777
8330778
8333779
8336780
8339781
8342782
8345783
8348784
8351785
8354786
8357787
8360788
8363789
8366790
8369791
8372792
8375793
8378794
8381795
8384796
8387797
8390798
8393799
8396800
8399801
8402802
8405803
8408804
8411805
8414806
8417807
8420808
8423809
8426810
8429811
8432812
8435813
8438814
8441815
8444816
8447817
8450818
8453819
8456820
8459821
8462822
8465823
8468824
8471825
8474826
8477827
8480828
8483829
8486830
8489831
8492832
8495833
8498834
8501835
8504836
8507837
8510838
8513839
8516840
8519841
8522842
8525843
8528844
8531845
8534846
8537847
8540848
8543849
8546850
8549851
8552852
8555853
8558854
8561855
8564856
8567857
8570858
8573859
8576860
8579861
8582862
8585863
8588864
8591865
8594866
8597867
8600868
8603869
8606870
8609871
8612872
8615873
8618874
8621875
8624876
8627877
8630878
8633879
8636880
8639881
8642882
8645883
8648884
8651885
8654886
8657887
8660888
8663889
8666890
8669891
8672892
8675893
8678894
8681895
8684896
8687897
8690898
8693899
8696900
8699901
8702902
8705903
8708904
8711905
8714906
8717907
8720908
8723909
8726910
8729911
8732912
8735913
8738914
8741915
8744916
8747917
8750918
8753919
8756920
8759921
8762922
8765923
8768924
8771925
8774926
8777927
8780928
8783929
8786930
8789931
8792932
8795933
8798934
8801935
8804936
8807937
8810938
8813939
8816940
8819941
8822942
8825943
8828944
8831945
8834946
8837947
8840948
8843949
8846950
8849951
8852952
8855953
8858954
8861955
8864956
8867957
8870958
8873959
8876960
8879961
8882962
8885963
8888964
8891965
8894966
8897967
8900968
8903969
8906970
8909971
8912972
8915973
8918974
8921975
8924976
8927977
8930978
8933979
8936980
8939981
8942982
8945983
8948984
8951985
8954986
8957987
8960988
8963989
8966990
8969991
8972992
8975993
8978994
8981995
8984996
8987997
8990998
8993999
8997000
9000001
9003002
3001
634
322
946
865
198
155
574
799
644
974
414
983
454
154
141
659
60
417
71
669
866
31
232
671
680
838
26
19
642
169
56
501
13
652
536
138
469
820
27
279
975
267
918
777
401
491
106
720
573
561
160
980
67
147
559
957
42
937
729
963
324
362
975
110
111
246
899
938
327
761
8
529
822
204
706
241
678
114
201
885
772
200
400
31
386
845
767
253
350
932
322
387
370
376
369
397
939
711
301
113
203
657
785
441
164
721
366
480
560
54
605
840
298
608
393
380
452
59
58
804
773
934
842
5
952
674
958
57
456
447
233
384
447
53
964
690
335
176
275
651
25
809
760
53
88
123
876
249
926
174
35
173
99
229
672
919
107
585
167
585
727
151
578
245
325
592
514
763
344
209
792
129
489
876
246
707
499
111
3
685
408
887
768
335
103
122
923
229
560
707
613
542
330
380
39
444
901
327
810
340
503
135
399
832
9
56
929
680
294
920
450
521
175
306
347
762
679
722
228
462
499
651
626
364
926
134
838
837
622
267
657
299
241
429
383
855
836
986
735
520
624
842
673
34
276
302
380
264
70
248
820
246
474
527
182
491
286
441
372
630
699
555
405
467
204
911
197
583
645
258
190
423
83
345
878
722
414
582
89
335
839
351
795
320
314
374
534
515
437
755
38
855
520
774
481
409
184
301
108
22
443
969
798
149
421
315
681
880
611
349
354
963
949
157
934
66
371
24
521
187
404
528
372
445
339
103
805
128
75
10
550
96
830
85
446
608
478
570
102
236
299
901
992
258
956
313
524
101
5
248
66
426
75
385
715
34
57
351
209
132
458
390
129
606
69
170
884
970
252
729
753
494
124
649
683
801
565
387
997
550
568
686
285
104
869
267
536
559
282
754
487
299
31
420
914
424
441
654
959
469
872
371
449
514
155
392
7
306
727
650
494
657
294
103
156
51
995
950
781
353
105
750
245
147
863
625
976
145
798
514
41
363
664
675
111
39
776
662
679
961
874
689
370
785
98
282
646
598
66
848
317
140
142
327
26
856
344
319
579
802
34
536
686
564
290
243
818
66
558
225
417
328
416
219
981
972
448
6
738
582
304
663
383
203
223
41
570
797
251
486
78
204
605
566
522
636
11
471
453
851
476
749
506
938
446
776
674
327
45
252
702
180
714
840
907
29
61
867
635
187
704
526
220
115
522
202
583
645
945
202
137
722
69
769
132
414
127
90
25
749
644
699
147
397
905
760
935
70
481
973
108
246
749
407
956
533
671
851
242
738
756
203
331
179
718
47
845
74
33
557
846
266
619
370
364
557
301
147
710
755
209
281
26
895
603
708
634
802
406
827
175
881
416
845
511
264
38
670
685
945
205
661
479
863
459
763
589
662
47
591
208
833
358
644
605
353
913
298
123
760
499
228
817
253
14
966
755
800
76
121
705
416
370
449
98
297
464
909
752
449
47
673
80
754
863
122
635
433
621
316
496
326
556
94
876
231
798
323
551
343
735
978
905
5
618
119
495
278
127
392
690
414
231
670
528
248
781
838
655
713
926
490
512
932
862
592
695
7
876
176
349
851
390
362
280
83
859
861
563
53
177
65
680
119
136
734
479
110
930
986
89
848
707
832
317
69
420
895
930
364
487
356
969
4
177
151
730
685
577
483
888
393
654
622
535
151
291
688
767
622
438
702
876
205
412
544
263
224
484
831
387
777
657
952
857
998
809
521
956
929
754
164
319
758
406
359
58
162
109
774
812
376
22
174
958
675
398
978
939
636
660
250
944
318
737
436
14
749
52
178
71
907
339
777
937
377
794
845
122
592
654
772
854
18
636
617
106
572
178
987
95
660
744
423
763
547
319
399
889
51
259
653
425
328
402
48
703
434
972
966
296
621
792
867
144
497
936
901
950
239
342
525
0
68
816
126
280
331
409
605
189
59
686
188
437
305
150
727
68
409
602
327
136
979
442
639
854
437
562
153
607
156
443
494
888
228
724
964
448
923
733
515
510
312
607
381
255
669
723
784
200
835
884
351
160
786
602
941
506
220
97
678
120
877
708
368
300
97
582
680
48
103
707
234
746
282
526
722
337
41
372
494
291
182
673
256
184
155
577
607
281
614
954
300
415
844
274
866
138
357
264
241
914
983
689
928
374
789
186
456
253
27
393
320
156
63
867
728
129
402
188
706
173
138
263
761
198
157
944
589
765
358
681
677
942
366
772
830
162
646
959
864
679
309
110
107
452
957
337
967
885
303
704
24
419
460
713
125
633
663
902
361
166
590
975
541
745
373
929
741
868
560
201
761
942
569
914
474
253
34
690
96
439
365
76
161
531
727
696
324
845
941
482
249
598
959
361
561
853
673
4
522
797
231
46
153
818
404
899
840
674
946
948
826
957
517
362
319
748
198
463
528
461
558
925
734
623
612
606
127
816
572
908
259
778
96
773
342
961
152
159
593
227
213
122
591
773
306
757
626
855
554
489
109
218
564
224
255
622
301
614
437
78
673
350
333
628
992
225
784
877
625
559
899
893
438
539
105
222
477
902
265
779
216
62
55
630
656
393
419
620
304
219
466
468
553
754
347
484
758
993
575
461
243
904
673
866
23
376
949
935
810
796
427
379
840
965
987
430
404
251
684
708
952
493
605
432
962
339
858
158
235
191
481
395
579
33
31
88
523
244
79
410
942
396
168
601
866
10
716
540
181
606
780
819
442
340
997
693
99
196
13
812
400
72
711
431
65
573
485
228
186
179
306
730
471
208
560
610
899
305
56
453
806
727
958
462
469
786
276
59
659
966
942
92
228
87
441
147
482
373
883
166
810
348
379
96
502
298
665
279
857
524
510
723
482
754
507
791
690
775
806
865
656
678
585
109
307
137
851
685
699
919
650
632
998
764
121
307
7
910
760
960
400
427
945
440
180
389
979
261
526
939
544
605
367
836
348
324
455
588
795
222
976
12
953
816
537
726
118
916
287
388
496
200
687
807
898
302
36
144
988
278
405
957
351
214
816
423
505
602
761
378
941
273
962
962
947
250
348
350
927
687
372
546
499
284
367
562
646
869
730
376
963
538
349
907
633
162
122
575
844
754
929
537
622
682
181
126
315
533
948
50
816
734
628
840
695
210
656
963
793
886
962
379
295
89
351
724
228
304
955
660
651
57
410
724
515
632
205
115
409
213
736
274
945
631
279
849
614
64
624
241
916
902
833
140
82
893
534
752
660
447
660
415
869
965
569
458
368
201
345
7
3
148
907
421
117
71
248
278
376
402
937
750
325
156
220
44
381
297
141
507
408
379
164
669
578
888
143
944
883
626
253
363
634
862
640
843
180
815
930
790
910
145
276
317
552
392
642
454
434
468
550
762
146
787
121
204
776
913
859
344
180
315
772
438
793
411
239
421
692
655
929
684
80
608
914
505
199
759
725
783
597
812
318
1
772
462
133
594
572
288
142
31
433
730
815
609
513
417
239
411
544
823
830
588
378
30
244
94
130
368
598
714
899
796
341
57
721
805
921
150
938
883
659
136
673
550
401
33
610
777
209
766
450
198
484
758
30
404
846
420
630
63
245
865
860
506
182
337
349
213
799
973
789
287
147
82
134
707
339
36
874
777
964
154
959
177
321
366
409
607
607
447
898
989
404
770
208
474
273
326
734
412
887
385
912
285
869
665
688
220
881
213
30
547
207
556
530
348
250
516
140
766
561
592
383
686
774
510
257
602
29
382
251
122
172
996
855
610
535
723
867
126
167
365
564
950
411
646
351
379
995
847
996
438
726
600
604
217
993
37
645
360
754
257
504
84
763
402
87
741
590
946
845
654
762
865
803
541
839
518
13
25
741
964
636
138
515
910
421
894
3
272
785
444
570
721
759
928
514
104
96
749
715
935
312
433
656
842
828
921
594
247
225
174
913
140
414
283
174
621
894
777
264
261
897
730
979
819
555
878
62
103
996
465
886
757
634
999
204
262
326
790
553
11
636
14
420
218
106
955
660
375
859
491
424
133
458
682
374
219
718
552
292
814
784
57
641
639
415
608
835
93
254
371
231
936
683
148
404
393
907
318
552
265
408
682
870
426
983
387
372
427
888
869
185
437
591
268
25
535
963
689
611
340
706
10
168
260
665
882
736
737
714
542
391
52
145
107
584
16
623
917
993
218
389
832
521
68
358
604
287
230
429
939
401
502
917
744
26
458
560
825
59
235
75
205
632
734
661
122
431
456
579
762
557
785
974
465
371
161
407
688
169
122
46
86
512
607
441
471
540
930
353
829
939
789
670
612
517
111
1
480
369
671
362
110
736
885
450
491
432
337
549
824
170
764
545
425
797
319
767
329
540
818
170
419
81
881
599
908
939
658
904
854
624
281
113
832
393
370
856
891
272
749
908
618
949
272
450
440
224
550
885
724
188
646
795
38
690
431
555
220
661
976
600
283
765
34
538
908
47
864
710
565
174
458
877
2
959
157
414
591
875
662
828
536
625
97
873
875
552
155
548
650
450
834
134
418
938
704
861
345
110
193
638
594
708
719
169
234
322
17
257
609
596
420
463
749
987
371
82
875
357
644
201
164
990
463
822
874
670
629
17
18
607
775
392
58
299
340
305
464
786
192
22
296
98
190
817
521
14
19
519
284
562
166
835
816
692
742
498
746
975
60
343
728
611
297
813
535
54
847
621
578
453
538
457
287
489
414
924
625
219
363
136
233
287
544
48
809
966
128
454
665
276
776
346
622
106
745
638
714
674
290
713
555
91
803
730
148
459
579
402
693
757
513
255
498
962
85
357
31
406
586
246
63
322
50
981
706
252
489
919
276
159
595
430
114
326
978
61
564
444
78
173
776
6
247
275
608
392
584
557
184
505
874
657
320
78
97
991
754
107
113
855
3
650
790
611
156
945
33
480
394
71
268
363
35
449
174
273
150
669
910
371
128
384
387
778
412
790
265
772
885
418
216
112
967
99
783
815
826
998
885
678
404
713
344
834
555
549
657
47
54
784
860
910
751
91
913
189
163
228
2
498
712
694
832
682
232
604
605
985
562
485
711
764
644
277
531
90
526
642
876
890
220
412
305
314
78
24
453
97
709
123
938
11
799
359
304
622
744
720
236
190
337
243
797
308
411
93
965
219
734
395
920
831
465
280
226
271
787
508
884
92
530
593
883
509
497
412
165
961
326
713
828
376
877
371
845
558
376
82
549
479
126
289
100
405
622
310
225
333
816
602
148
342
352
101
931
184
534
987
550
616
771
744
361
932
564
824
72
220
92
585
762
702
267
24
708
733
268
75
884
285
237
283
220
814
614
119
657
448
810
755
854
355
359
573
431
295
173
111
354
906
925
255
848
728
393
428
137
228
933
299
84
951
150
985
191
708
48
229
208
270
536
877
959
894
562
809
951
643
536
312
661
653
542
622
337
575
484
127
294
947
317
288
920
528
71
979
903
914
669
2
158
194
80
332
634
571
284
352
842
459
480
664
407
305
298
783
933
755
527
479
210
744
952
362
322
363
367
406
581
259
699
541
127
822
5
487
939
28
535
54
131
195
885
930
251
577
608
983
184
635
247
687
668
572
807
625
661
603
568
89
186
88
167
317
528
463
163
439
746
280
685
395
108
12
577
445
953
757
937
541
220
294
174
57
592
789
971
51
407
125
510
519
920
647
216
279
677
301
9
559
996
427
12
553
346
84
245
818
767
120
314
361
2
438
118
304
221
734
748
688
328
587
41
282
600
505
649
351
35
315
463
517
542
873
52
102
298
162
804
597
207
400
26
374
873
183
713
494
317
205
94
494
770
497
96
594
902
191
800
418
500
950
38
473
121
224
409
747
918
133
768
702
914
420
725
716
27
155
809
634
765
196
636
657
406
878
774
267
705
396
793
280
372
987
464
396
634
190
862
853
180
64
80
997
622
878
553
665
92
532
283
361
433
747
710
584
642
35
406
850
788
944
515
987
660
453
405
617
736
408
562
965
208
276
77
239
13
28
285
873
269
119
636
186
307
435
596
554
832
703
129
800
788
913
177
216
638
636
378
450
989
931
606
387
473
732
680
620
143
314
974
139
111
460
188
64
720
802
969
576
123
981
419
471
932
602
517
365
99
240
162
50
504
150
75
379
707
217
952
858
517
365
410
177
455
135
104
232
147
884
958
693
743
416
913
388
323
268
81
435
383
470
87
219
9
371
346
828
97
764
661
448
195
390
279
784
878
867
237
86
503
259
559
466
557
546
737
828
917
717
150
720
348
936
280
209
550
738
274
239
810
837
430
264
104
101
124
334
262
417
426
962
265
720
489
135
64
72
42
587
22
40
615
756
278
149
176
286
124
859
855
558
196
505
772
35
345
60
960
950
913
393
44
553
208
908
858
601
703
274
152
414
25
918
138
379
595
464
107
432
445
795
909
933
545
340
255
275
958
923
158
679
506
316
16
354
783
890
678
383
788
144
844
608
352
543
861
753
368
774
591
160
870
698
271
194
479
928
482
827
579
241
279
494
759
32
381
903
46
438
770
460
36
179
339
586
311
471
573
496
773
590
650
695
654
518
84
603
840
918
923
895
652
704
851
236
328
260
710
75
311
433
10
139
558
554
16
801
6
232
347
867
165
577
999
123
614
57
12
447
899
252
912
773
498
635
729
109
262
277
577
46
743
588
500
916
526
556
978
957
402
185
767
49
835
225
0
712
104
987
407
145
447
350
471
697
941
275
52
39
852
519
49
858
232
487
189
661
921
975
406
139
428
383
83
764
478
781
82
546
674
448
703
310
472
886
765
499
816
817
491
24
445
3001
2
3003
6004
9005
12006
15007
18008
21009
24010
27011
30012
33013
36014
39015
42016
45017
48018
51019
54020
57021
60022
63023
66024
69025
72026
75027
78028
81029
84030
87031
90032
93033
96034
99035
102036
105037
108038
111039
114040
117041
120042
123043
126044
129045
132046
135047
138048
141049
144050
147051
150052
153053
156054
159055
162056
165057
168058
171059
174060
177061
180062
183063
186064
189065
192066
195067
198068
201069
204070
207071
210072
213073
216074
219075
222076
225077
228078
231079
234080
237081
240082
243083
246084
249085
252086
255087
258088
261089
264090
267091
270092
273093
276094
279095
282096
285097
288098
291099
294100
297101
300102
303103
306104
309105
312106
315107
318108
321109
324110
327111
330112
333113
336114
339115
342116
345117
348118
351119
354120
357121
360122
363123
366124
369125
372126
375127
378128
381129
384130
387131
390132
393133
396134
399135
402136
405137
408138
411139
414140
417141
420142
423143
426144
429145
432146
435147
438148
441149
444150
447151
450152
453153
456154
459155
462156
465157
468158
471159
474160
477161
480162
483163
486164
489165
492166
495167
498168
501169
504170
507171
510172
513173
516174
519175
522176
525177
528178
531179
534180
537181
540182
543183
546184
549185
552186
555187
558188
561189
564190
567191
570192
573193
576194
579195
582196
585197
588198
591199
594200
597201
600202
603203
606204
609205
612206
615207
618208
621209
624210
627211
630212
633213
636214
639215
642216
645217
648218
651219
654220
657221
660222
663223
666224
669225
672226
675227
678228
681229
684230
687231
690232
693233
696234
699235
702236
705237
708238
711239
714240
717241
720242
723243
726244
729245
732246
735247
738248
741249
744250
747251
750252
753253
756254
759255
762256
765257
768258
771259
774260
777261
780262
783263
786264
789265
792266
795267
798268
801269
804270
807271
810272
813273
816274
819275
822276
825277
828278
831279
834280
837281
840282
843283
846284
849285
852286
855287
858288
861289
864290
867291
870292
873293
876294
879295
882296
885297
888298
891299
894300
897301
900302
903303
906304
909305
912306
915307
918308
921309
924310
927311
930312
933313
936314
939315
942316
945317
948318
951319
954320
957321
960322
963323
966324
969325
972326
975327
978328
981329
984330
987331
990332
993333
996334
999335
1002336
1005337
1008338
1011339
1014340
1017341
1020342
1023343
1026344
1029345
1032346
1035347
1038348
1041349
1044350
1047351
1050352
1053353
1056354
1059355
1062356
1065357
1068358
1071359
1074360
1077361
1080362
1083363
1086364
1089365
1092366
1095367
1098368
1101369
1104370
1107371
1110372
1113373
1116374
1119375
1122376
1125377
1128378
1131379
1134380
1137381
1140382
1143383
1146384
1149385
1152386
1155387
1158388
1161389
1164390
1167391
1170392
1173393
1176394
1179395
1182396
1185397
1188398
1191399
1194400
1197401
1200402
1203403
1206404
1209405
1212406
1215407
1218408
1221409
1224410
1227411
1230412
1233413
1236414
1239415
1242416
1245417
1248418
1251419
1254420
1257421
1260422
1263423
1266424
1269425
1272426
1275427
1278428
1281429
1284430
1287431
1290432
1293433
1296434
1299435
1302436
1305437
1308438
1311439
1314440
1317441
1320442
1323443
1326444
1329445
1332446
1335447
1338448
1341449
1344450
1347451
1350452
1353453
1356454
1359455
1362456
1365457
1368458
1371459
1374460
1377461
1380462
1383463
1386464
1389465
1392466
1395467
1398468
1401469
1404470
1407471
1410472
1413473
1416474
1419475
1422476
1425477
1428478
1431479
1434480
1437481
1440482
1443483
1446484
1449485
1452486
1455487
1458488
1461489
1464490
1467491
1470492
1473493
1476494
1479495
1482496
1485497
1488498
1491499
1494500
1497501
1500502
1503503
1506504
1509505
1512506
1515507
1518508
1521509
1524510
1527511
1530512
1533513
1536514
1539515
1542516
1545517
1548518
1551519
1554520
1557521
1560522
1563523
1566524
1569525
1572526
1575527
1578528
1581529
1584530
1587531
1590532
1593533
1596534
1599535
1602536
1605537
1608538
1611539
1614540
1617541
1620542
1623543
1626544
1629545
1632546
1635547
1638548
1641549
1644550
1647551
1650552
1653553
1656554
1659555
1662556
1665557
1668558
1671559
1674560
1677561
1680562
1683563
1686564
1689565
1692566
1695567
1698568
1701569
1704570
1707571
1710572
1713573
1716574
1719575
1722576
1725577
1728578
1731579
1734580
1737581
1740582
1743583
1746584
1749585
1752586
1755587
1758588
1761589
1764590
1767591
1770592
1773593
1776594
1779595
1782596
1785597
1788598
1791599
1794600
1797601
1800602
1803603
1806604
1809605
1812606
1815607
1818608
1821609
1824610
1827611
1830612
1833613
1836614
1839615
1842616
1845617
1848618
1851619
1854620
1857621
1860622
1863623
1866624
1869625
1872626
1875627
1878628
1881629
1884630
1887631
1890632
1893633
1896634
1899635
1902636
1905637
1908638
1911639
1914640
1917641
1920642
1923643
1926644
1929645
1932646
1935647
1938648
1941649
1944650
1947651
1950652
1953653
1956654
1959655
1962656
1965657
1968658
1971659
1974660
1977661
1980662
1983663
1986664
1989665
1992666
1995667
1998668
2001669
2004670
2007671
2010672
2013673
2016674
2019675
2022676
2025677
2028678
2031679
2034680
2037681
2040682
2043683
2046684
2049685
2052686
2055687
2058688
2061689
2064690
2067691
2070692
2073693
2076694
2079695
2082696
2085697
2088698
2091699
2094700
2097701
2100702
2103703
2106704
2109705
2112706
2115707
2118708
2121709
2124710
2127711
2130712
2133713
2136714
2139715
2142716
2145717
2148718
2151719
2154720
2157721
2160722
2163723
2166724
2169725
2172726
2175727
2178728
2181729
2184730
2187731
2190732
2193733
2196734
2199735
2202736
2205737
2208738
2211739
2214740
2217741
2220742
2223743
2226744
2229745
2232746
2235747
2238748
2241749
2244750
2247751
2250752
2253753
2256754
2259755
2262756
2265757
2268758
2271759
2274760
2277761
2280762
2283763
2286764
2289765
2292766
2295767
2298768
2301769
2304770
2307771
2310772
2313773
2316774
2319775
2322776
2325777
2328778
2331779
2334780
2337781
2340782
2343783
2346784
2349785
2352786
2355787
2358788
2361789
2364790
2367791
2370792
2373793
2376794
2379795
2382796
2385797
2388798
2391799
2394800
2397801
2400802
2403803
2406804
2409805
2412806
2415807
2418808
2421809
2424810
2427811
2430812
2433813
2436814
2439815
2442816
2445817
2448818
2451819
2454820
2457821
2460822
2463823
2466824
2469825
2472826
2475827
2478828
2481829
2484830
2487831
2490832
2493833
2496834
2499835
2502836
2505837
2508838
2511839
2514840
2517841
2520842
2523843
2526844
2529845
2532846
2535847
2538848
2541849
2544850
2547851
2550852
2553853
2556854
2559855
2562856
2565857
2568858
2571859
2574860
2577861
2580862
2583863
2586864
2589865
2592866
2595867
2598868
2601869
2604870
2607871
2610872
2613873
2616874
2619875
2622876
2625877
2628878
2631879
2634880
2637881
2640882
2643883
2646884
2649885
2652886
2655887
2658888
2661889
2664890
2667891
2670892
2673893
2676894
2679895
2682896
2685897
2688898
2691899
2694900
2697901
2700902
2703903
2706904
2709905
2712906
2715907
2718908
2721909
2724910
2727911
2730912
2733913
2736914
2739915
2742916
2745917
2748918
2751919
2754920
2757921
2760922
2763923
2766924
2769925
2772926
2775927
2778928
2781929
2784930
2787931
2790932
2793933
2796934
2799935
2802936
2805937
2808938
2811939
2814940
2817941
2820942
2823943
2826944
2829945
2832946
2835947
2838948
2841949
2844950
2847951
2850952
2853953
2856954
2859955
2862956
2865957
2868958
2871959
2874960
2877961
2880962
2883963
2886964
2889965
2892966
2895967
2898968
2901969
2904970
2907971
2910972
2913973
2916974
2919975
2922976
2925977
2928978
2931979
2934980
2937981
2940982
2943983
2946984
2949985
2952986
2955987
2958988
2961989
2964990
2967991
2970992
2973993
2976994
2979995
2982996
2985997
2988998
2991999
2995000
2998001
3001002
3004003
3007004
3010005
3013006
3016007
3019008
3022009
3025010
3028011
3031012
3034013
3037014
3040015
3043016
3046017
3049018
3052019
3055020
3058021
3061022
3064023
3067024
3070025
3073026
3076027
3079028
3082029
3085030
3088031
3091032
3094033
3097034
3100035
3103036
3106037
3109038
3112039
3115040
3118041
3121042
3124043
3127044
3130045
3133046
3136047
3139048
3142049
3145050
3148051
3151052
3154053
3157054
3160055
3163056
3166057
3169058
3172059
3175060
3178061
3181062
3184063
3187064
3190065
3193066
3196067
3199068
3202069
3205070
3208071
3211072
3214073
3217074
3220075
3223076
3226077
3229078
3232079
3235080
3238081
3241082
3244083
3247084
3250085
3253086
3256087
3259088
3262089
3265090
3268091
3271092
3274093
3277094
3280095
3283096
3286097
3289098
3292099
3295100
3298101
3301102
3304103
3307104
3310105
3313106
3316107
3319108
3322109
3325110
3328111
3331112
3334113
3337114
3340115
3343116
3346117
3349118
3352119
3355120
3358121
3361122
3364123
3367124
3370125
3373126
3376127
3379128
3382129
3385130
3388131
3391132
3394133
3397134
3400135
3403136
3406137
3409138
3412139
3415140
3418141
3421142
3424143
3427144
3430145
3433146
3436147
3439148
3442149
3445150
3448151
3451152
3454153
3457154
3460155
3463156
3466157
3469158
3472159
3475160
3478161
3481162
3484163
3487164
3490165
3493166
3496167
3499168
3502169
3505170
3508171
3511172
3514173
3517174
3520175
3523176
3526177
3529178
3532179
3535180
3538181
3541182
3544183
3547184
3550185
3553186
3556187
3559188
3562189
3565190
3568191
3571192
3574193
3577194
3580195
3583196
3586197
3589198
3592199
3595200
3598201
3601202
3604203
3607204
3610205
3613206
3616207
3619208
3622209
3625210
3628211
3631212
3634213
3637214
3640215
3643216
3646217
3649218
3652219
3655220
3658221
3661222
3664223
3667224
3670225
3673226
3676227
3679228
3682229
3685230
3688231
3691232
3694233
3697234
3700235
3703236
3706237
3709238
3712239
3715240
3718241
3721242
3724243
3727244
3730245
3733246
3736247
3739248
3742249
3745250
3748251
3751252
3754253
3757254
3760255
3763256
3766257
3769258
3772259
3775260
3778261
3781262
3784263
3787264
3790265
3793266
3796267
3799268
3802269
3805270
3808271
3811272
3814273
3817274
3820275
3823276
3826277
3829278
3832279
3835280
3838281
3841282
3844283
3847284
3850285
3853286
3856287
3859288
3862289
3865290
3868291
3871292
3874293
3877294
3880295
3883296
3886297
3889298
3892299
3895300
3898301
3901302
3904303
3907304
3910305
3913306
3916307
3919308
3922309
3925310
3928311
3931312
3934313
3937314
3940315
3943316
3946317
3949318
3952319
3955320
3958321
3961322
3964323
3967324
3970325
3973326
3976327
3979328
3982329
3985330
3988331
3991332
3994333
3997334
4000335
4003336
4006337
4009338
4012339
4015340
4018341
4021342
4024343
4027344
4030345
4033346
4036347
4039348
4042349
4045350
4048351
4051352
4054353
4057354
4060355
4063356
4066357
4069358
4072359
4075360
4078361
4081362
4084363
4087364
4090365
4093366
4096367
4099368
4102369
4105370
4108371
4111372
4114373
4117374
4120375
4123376
4126377
4129378
4132379
4135380
4138381
4141382
4144383
4147384
4150385
4153386
4156387
4159388
4162389
4165390
4168391
4171392
4174393
4177394
4180395
4183396
4186397
4189398
4192399
4195400
4198401
4201402
4204403
4207404
4210405
4213406
4216407
4219408
4222409
4225410
4228411
4231412
4234413
4237414
4240415
4243416
4246417
4249418
4252419
4255420
4258421
4261422
4264423
4267424
4270425
4273426
4276427
4279428
4282429
4285430
4288431
4291432
4294433
4297434
4300435
4303436
4306437
4309438
4312439
4315440
4318441
4321442
4324443
4327444
4330445
4333446
4336447
4339448
4342449
4345450
4348451
4351452
4354453
4357454
4360455
4363456
4366457
4369458
4372459
4375460
4378461
4381462
4384463
4387464
4390465
4393466
4396467
4399468
4402469
4405470
4408471
4411472
4414473
4417474
4420475
4423476
4426477
4429478
4432479
4435480
4438481
4441482
4444483
4447484
4450485
4453486
4456487
4459488
4462489
4465490
4468491
4471492
4474493
4477494
4480495
4483496
4486497
4489498
4492499
4495500
4498501
4501502
4504503
4507504
4510505
4513506
4516507
4519508
4522509
4525510
4528511
4531512
4534513
4537514
4540515
4543516
4546517
4549518
4552519
4555520
4558521
4561522
4564523
4567524
4570525
4573526
4576527
4579528
4582529
4585530
4588531
4591532
4594533
4597534
4600535
4603536
4606537
4609538
4612539
4615540
4618541
4621542
4624543
4627544
4630545
4633546
4636547
4639548
4642549
4645550
4648551
4651552
4654553
4657554
4660555
4663556
4666557
4669558
4672559
4675560
4678561
4681562
4684563
4687564
4690565
4693566
4696567
4699568
4702569
4705570
4708571
4711572
4714573
4717574
4720575
4723576
4726577
4729578
4732579
4735580
4738581
4741582
4744583
4747584
4750585
4753586
4756587
4759588
4762589
4765590
4768591
4771592
4774593
4777594
4780595
4783596
4786597
4789598
4792599
4795600
4798601
4801602
4804603
4807604
4810605
4813606
4816607
4819608
4822609
4825610
4828611
4831612
4834613
4837614
4840615
4843616
4846617
4849618
4852619
4855620
4858621
4861622
4864623
4867624
4870625
4873626
4876627
4879628
4882629
4885630
4888631
4891632
4894633
4897634
4900635
4903636
4906637
4909638
4912639
4915640
4918641
4921642
4924643
4927644
4930645
4933646
4936647
4939648
4942649
4945650
4948651
4951652
4954653
4957654
4960655
4963656
4966657
4969658
4972659
4975660
4978661
4981662
4984663
4987664
4990665
4993666
4996667
4999668
5002669
5005670
5008671
5011672
5014673
5017674
5020675
5023676
5026677
5029678
5032679
5035680
5038681
5041682
5044683
5047684
5050685
5053686
5056687
5059688
5062689
5065690
5068691
5071692
5074693
5077694
5080695
5083696
5086697
5089698
5092699
5095700
5098701
5101702
5104703
5107704
5110705
5113706
5116707
5119708
5122709
5125710
5128711
5131712
5134713
5137714
5140715
5143716
5146717
5149718
5152719
5155720
5158721
5161722
5164723
5167724
5170725
5173726
5176727
5179728
5182729
5185730
5188731
5191732
5194733
5197734
5200735
5203736
5206737
5209738
5212739
5215740
5218741
5221742
5224743
5227744
5230745
5233746
5236747
5239748
5242749
5245750
5248751
5251752
5254753
5257754
5260755
5263756
5266757
5269758
5272759
5275760
5278761
5281762
5284763
5287764
5290765
5293766
5296767
5299768
5302769
5305770
5308771
5311772
5314773
5317774
5320775
5323776
5326777
5329778
5332779
5335780
5338781
5341782
5344783
5347784
5350785
5353786
5356787
5359788
5362789
5365790
5368791
5371792
5374793
5377794
5380795
5383796
5386797
5389798
5392799
5395800
5398801
5401802
5404803
5407804
5410805
5413806
5416807
5419808
5422809
5425810
5428811
5431812
5434813
5437814
5440815
5443816
5446817
5449818
5452819
5455820
5458821
5461822
5464823
5467824
5470825
5473826
5476827
5479828
5482829
5485830
5488831
5491832
5494833
5497834
5500835
5503836
5506837
5509838
5512839
5515840
5518841
5521842
5524843
5527844
5530845
5533846
5536847
5539848
5542849
5545850
5548851
5551852
5554853
5557854
5560855
5563856
5566857
5569858
5572859
5575860
5578861
5581862
5584863
5587864
5590865
5593866
5596867
5599868
5602869
5605870
5608871
5611872
5614873
5617874
5620875
5623876
5626877
5629878
5632879
5635880
5638881
5641882
5644883
5647884
5650885
5653886
5656887
5659888
5662889
5665890
5668891
5671892
5674893
5677894
5680895
5683896
5686897
5689898
5692899
5695900
5698901
5701902
5704903
5707904
5710905
5713906
5716907
5719908
5722909
5725910
5728911
5731912
5734913
5737914
5740915
5743916
5746917
5749918
5752919
5755920
5758921
5761922
5764923
5767924
5770925
5773926
5776927
5779928
5782929
5785930
5788931
5791932
5794933
5797934
5800935
5803936
5806937
5809938
5812939
5815940
5818941
5821942
5824943
5827944
5830945
5833946
5836947
5839948
5842949
5845950
5848951
5851952
5854953
5857954
5860955
5863956
5866957
5869958
5872959
5875960
5878961
5881962
5884963
5887964
5890965
5893966
5896967
5899968
5902969
5905970
5908971
5911972
5914973
5917974
5920975
5923976
5926977
5929978
5932979
5935980
5938981
5941982
5944983
5947984
5950985
5953986
5956987
5959988
5962989
5965990
5968991
5971992
5974993
5977994
5980995
5983996
5986997
5989998
5992999
5996000
5999001
6002002
6005003
6008004
6011005
6014006
6017007
6020008
6023009
6026010
6029011
6032012
6035013
6038014
6041015
6044016
6047017
6050018
6053019
6056020
6059021
6062022
6065023
6068024
6071025
6074026
6077027
6080028
6083029
6086030
6089031
6092032
6095033
6098034
6101035
6104036
6107037
6110038
6113039
6116040
6119041
6122042
6125043
6128044
6131045
6134046
6137047
6140048
6143049
6146050
6149051
6152052
6155053
6158054
6161055
6164056
6167057
6170058
6173059
6176060
6179061
6182062
6185063
6188064
6191065
6194066
6197067
6200068
6203069
6206070
6209071
6212072
6215073
6218074
6221075
6224076
6227077
6230078
6233079
6236080
6239081
6242082
6245083
6248084
6251085
6254086
6257087
6260088
6263089
6266090
6269091
6272092
6275093
6278094
6281095
6284096
6287097
6290098
6293099
6296100
6299101
6302102
6305103
6308104
6311105
6314106
6317107
6320108
6323109
6326110
6329111
6332112
6335113
6338114
6341115
6344116
6347117
6350118
6353119
6356120
6359121
6362122
6365123
6368124
6371125
6374126
6377127
6380128
6383129
6386130
6389131
6392132
6395133
6398134
6401135
6404136
6407137
6410138
6413139
6416140
6419141
6422142
6425143
6428144
6431145
6434146
6437147
6440148
6443149
6446150
6449151
6452152
6455153
6458154
6461155
6464156
6467157
6470158
6473159
6476160
6479161
6482162
6485163
6488164
6491165
6494166
6497167
6500168
6503169
6506170
6509171
6512172
6515173
6518174
6521175
6524176
6527177
6530178
6533179
6536180
6539181
6542182
6545183
6548184
6551185
6554186
6557187
6560188
6563189
6566190
6569191
6572192
6575193
6578194
6581195
6584196
6587197
6590198
6593199
6596200
6599201
6602202
6605203
6608204
6611205
6614206
6617207
6620208
6623209
6626210
6629211
6632212
6635213
6638214
6641215
6644216
6647217
6650218
6653219
6656220
6659221
6662222
6665223
6668224
6671225
6674226
6677227
6680228
6683229
6686230
6689231
6692232
6695233
6698234
6701235
6704236
6707237
6710238
6713239
6716240
6719241
6722242
6725243
6728244
6731245
6734246
6737247
6740248
6743249
6746250
6749251
6752252
6755253
6758254
6761255
6764256
6767257
6770258
6773259
6776260
6779261
6782262
6785263
6788264
6791265
6794266
6797267
6800268
6803269
6806270
6809271
6812272
6815273
6818274
6821275
6824276
6827277
6830278
6833279
6836280
6839281
6842282
6845283
6848284
6851285
6854286
6857287
6860288
6863289
6866290
6869291
6872292
6875293
6878294
6881295
6884296
6887297
6890298
6893299
6896300
6899301
6902302
6905303
6908304
6911305
6914306
6917307
6920308
6923309
6926310
6929311
6932312
6935313
6938314
6941315
6944316
6947317
6950318
6953319
6956320
6959321
6962322
6965323
6968324
6971325
6974326
6977327
6980328
6983329
6986330
6989331
6992332
6995333
6998334
7001335
7004336
7007337
7010338
7013339
7016340
7019341
7022342
7025343
7028344
7031345
7034346
7037347
7040348
7043349
7046350
7049351
7052352
7055353
7058354
7061355
7064356
7067357
7070358
7073359
7076360
7079361
7082362
7085363
7088364
7091365
7094366
7097367
7100368
7103369
7106370
7109371
7112372
7115373
7118374
7121375
7124376
7127377
7130378
7133379
7136380
7139381
7142382
7145383
7148384
7151385
7154386
7157387
7160388
7163389
7166390
7169391
7172392
7175393
7178394
7181395
7184396
7187397
7190398
7193399
7196400
7199401
7202402
7205403
7208404
7211405
7214406
7217407
7220408
7223409
7226410
7229411
7232412
7235413
7238414
7241415
7244416
7247417
7250418
7253419
7256420
7259421
7262422
7265423
7268424
7271425
7274426
7277427
7280428
7283429
7286430
7289431
7292432
7295433
7298434
7301435
7304436
7307437
7310438
7313439
7316440
7319441
7322442
7325443
7328444
7331445
7334446
7337447
7340448
7343449
7346450
7349451
7352452
7355453
7358454
7361455
7364456
7367457
7370458
7373459
7376460
7379461
7382462
7385463
7388464
7391465
7394466
7397467
7400468
7403469
7406470
7409471
7412472
7415473
7418474
7421475
7424476
7427477
7430478
7433479
7436480
7439481
7442482
7445483
7448484
7451485
7454486
7457487
7460488
7463489
7466490
7469491
7472492
7475493
7478494
7481495
7484496
7487497
7490498
7493499
7496500
7499501
7502502
7505503
7508504
7511505
7514506
7517507
7520508
7523509
7526510
7529511
7532512
7535513
7538514
7541515
7544516
7547517
7550518
7553519
7556520
7559521
7562522
7565523
7568524
7571525
7574526
7577527
7580528
7583529
7586530
7589531
7592532
7595533
7598534
7601535
7604536
7607537
7610538
7613539
7616540
7619541
7622542
7625543
7628544
7631545
7634546
7637547
7640548
7643549
7646550
7649551
7652552
7655553
7658554
7661555
7664556
7667557
7670558
7673559
7676560
7679561
7682562
7685563
7688564
7691565
7694566
7697567
7700568
7703569
7706570
7709571
7712572
7715573
7718574
7721575
7724576
7727577
7730578
7733579
7736580
7739581
7742582
7745583
7748584
7751585
7754586
7757587
7760588
7763589
7766590
7769591
7772592
7775593
7778594
7781595
7784596
7787597
7790598
7793599
7796600
7799601
7802602
7805603
7808604
7811605
7814606
7817607
7820608
7823609
7826610
7829611
7832612
7835613
7838614
7841615
7844616
7847617
7850618
7853619
7856620
7859621
7862622
7865623
7868624
7871625
7874626
7877627
7880628
7883629
7886630
7889631
7892632
7895633
7898634
7901635
7904636
7907637
7910638
7913639
7916640
7919641
7922642
7925643
7928644
7931645
7934646
7937647
7940648
7943649
7946650
7949651
7952652
7955653
7958654
7961655
7964656
7967657
7970658
7973659
7976660
7979661
7982662
7985663
7988664
7991665
7994666
7997667
8000668
8003669
8006670
8009671
8012672
8015673
8018674
8021675
8024676
8027677
8030678
8033679
8036680
8039681
8042682
8045683
8048684
8051685
8054686
8057687
8060688
8063689
8066690
8069691
8072692
8075693
8078694
8081695
8084696
8087697
8090698
8093699
8096700
8099701
8102702
8105703
8108704
8111705
8114706
8117707
8120708
8123709
8126710
8129711
8132712
8135713
8138714
8141715
8144716
8147717
8150718
8153719
8156720
8159721
8162722
8165723
8168724
8171725
8174726
8177727
8180728
8183729
8186730
8189731
8192732
8195733
8198734
8201735
8204736
8207737
8210738
8213739
8216740
8219741
8222742
8225743
8228744
8231745
8234746
8237747
8240748
8243749
8246750
8249751
8252752
8255753
8258754
8261755
8264756
8267757
8270758
8273759
8276760
8279761
8282762
8285763
8288764
8291765
8294766
8297767
8300768
8303769
8306770
8309771
8312772
8315773
8318774
8321775
8324776
8327777
8330778
8333779
8336780
8339781
8342782
8345783
8348784
8351785
8354786
8357787
8360788
8363789
8366790
8369791
8372792
8375793
8378794
8381795
8384796
8387797
8390798
8393799
8396800
8399801
8402802
8405803
8408804
8411805
8414806
8417807
8420808
8423809
8426810
8429811
8432812
8435813
8438814
8441815
8444816
8447817
8450818
8453819
8456820
8459821
8462822
8465823
8468824
8471825
8474826
8477827
8480828
8483829
8486830
8489831
8492832
8495833
8498834
8501835
8504836
8507837
8510838
8513839
8516840
8519841
8522842
8525843
8528844
8531845
8534846
8537847
8540848
8543849
8546850
8549851
8552852
8555853
8558854
8561855
8564856
8567857
8570858
8573859
8576860
8579861
8582862
8585863
8588864
8591865
8594866
8597867
8600868
8603869
8606870
8609871
8612872
8615873
8618874
8621875
8624876
8627877
8630878
8633879
8636880
8639881
8642882
8645883
8648884
8651885
8654886
8657887
8660888
8663889
8666890
8669891
8672892
8675893
8678894
8681895
8684896
8687897
8690898
8693899
8696900
8699901
8702902
8705903
8708904
8711905
8714906
8717907
8720908
8723909
8726910
8729911
8732912
8735913
8738914
8741915
8744916
8747917
8750918
8753919
8756920
8759921
8762922
8765923
8768924
8771925
8774926
8777927
8780928
8783929
8786930
8789931
8792932
8795933
8798934
8801935
8804936
8807937
8810938
8813939
8816940
8819941
8822942
8825943
8828944
8831945
8834946
8837947
8840948
8843949
8846950
8849951
8852952
8855953
8858954
8861955
8864956
8867957
8870958
8873959
8876960
8879961
8882962
8885963
8888964
8891965
8894966
8897967
8900968
8903969
8906970
8909971
8912972
8915973
8918974
8921975
8924976
8927977
8930978
8933979
8936980
8939981
8942982
8945983
8948984
8951985
8954986
8957987
8960988
8963989
8966990
8969991
8972992
8975993
8978994
8981995
8984996
8987997
8990998
8993999
8997000
9000001
9003002
