3001
3001
907
3
915
980
272
482
255
8
206
87
644
635
65
617
921
713
281
821
624
883
640
879
61
310
689
954
716
755
737
876
794
246
872
732
243
755
651
816
594
421
654
947
242
497
161
846
869
760
680
193
202
164
451
447
366
744
312
500
893
282
980
116
320
377
396
552
634
77
647
632
550
521
332
624
348
77
341
642
77
882
805
203
391
195
330
73
224
24
35
351
226
438
801
41
775
374
494
933
588
579
449
135
791
417
986
994
726
299
914
990
466
168
374
108
379
14
907
289
166
270
179
11
855
839
152
142
362
467
523
164
955
500
154
69
265
747
6
772
788
141
817
15
362
527
68
809
293
414
697
886
220
845
36
543
668
789
722
154
163
233
132
314
29
541
250
662
415
114
160
680
884
559
808
664
843
559
369
901
528
564
599
479
30
643
684
960
635
301
466
94
62
724
736
732
898
598
562
474
944
580
105
977
427
74
424
913
258
201
783
785
853
598
823
632
456
547
706
181
792
970
554
215
583
346
923
607
552
322
690
934
807
922
624
754
57
329
919
793
953
95
924
936
845
560
885
446
559
213
348
531
632
179
93
952
709
977
3
341
119
175
782
406
755
765
984
632
582
724
807
602
179
619
50
891
312
719
417
925
559
617
850
916
494
631
246
888
633
230
739
404
261
237
1
726
495
150
79
763
882
329
664
201
402
611
396
137
687
748
251
568
533
518
807
163
440
465
891
876
218
843
781
920
380
837
948
944
730
348
814
752
212
743
710
309
879
189
225
411
114
936
915
154
940
57
591
794
647
545
203
7
799
620
154
144
938
652
224
537
276
698
0
960
181
232
374
75
601
218
672
512
693
472
63
158
920
792
22
408
371
771
220
316
368
859
990
998
272
289
481
730
699
354
974
616
37
124
823
375
131
285
761
447
299
422
395
17
370
463
828
367
931
796
853
975
827
497
986
674
292
365
778
959
151
664
992
625
448
167
962
843
531
879
430
735
274
40
152
740
128
913
495
67
131
62
209
389
147
113
341
123
933
452
955
244
727
679
124
591
715
441
771
220
578
266
769
916
785
149
393
179
457
904
652
241
587
23
358
374
256
12
734
573
440
936
257
91
903
30
545
320
884
651
699
237
373
317
3
100
710
61
611
400
378
748
965
402
769
558
454
123
653
462
54
469
777
338
359
126
699
38
909
146
362
123
805
829
713
682
495
841
868
96
940
511
192
464
819
586
410
121
262
780
373
40
8
559
375
593
388
180
264
224
557
220
211
5
109
601
229
868
980
294
57
746
724
921
641
190
684
930
697
718
628
761
348
115
505
541
236
246
786
70
436
561
290
109
471
252
874
550
462
541
790
76
414
444
131
794
746
111
552
461
914
708
198
880
359
657
146
627
596
917
421
15
629
500
451
270
120
628
804
555
682
128
215
590
619
946
838
192
913
782
694
380
759
326
692
968
531
284
694
25
678
58
123
912
738
839
903
399
912
448
948
577
138
244
673
421
317
304
405
4
619
990
100
306
840
401
120
776
469
979
114
821
213
578
456
44
314
270
66
908
558
94
121
928
496
924
627
722
604
114
59
309
801
537
8
39
345
573
617
886
90
557
776
277
343
191
743
135
79
173
793
15
477
839
154
204
975
832
24
752
559
110
727
188
899
896
977
22
964
756
178
442
561
458
88
397
699
730
201
813
411
251
225
574
792
753
323
90
779
68
466
876
859
688
136
485
552
394
697
581
747
15
208
210
632
256
743
137
640
688
30
922
335
667
338
407
370
995
71
132
388
381
922
738
331
523
194
612
14
161
558
326
916
799
924
778
604
672
961
659
559
559
753
435
351
57
548
947
521
26
188
703
136
364
217
257
876
499
607
184
752
530
256
306
179
237
654
639
169
786
697
744
967
150
383
414
726
447
691
761
251
309
59
15
168
150
312
286
618
4
660
269
286
645
515
909
845
508
472
722
365
679
799
950
466
688
755
587
985
525
205
813
932
608
52
401
161
513
565
376
852
958
919
338
560
666
389
317
556
158
222
641
408
738
436
136
875
5
664
517
545
232
300
153
608
563
311
97
635
694
844
44
438
624
175
731
334
886
830
765
982
634
238
534
117
872
267
327
343
295
265
855
29
977
154
196
403
666
153
206
978
598
151
861
674
764
412
999
345
712
78
139
774
484
150
888
393
981
556
958
674
122
980
358
131
763
189
510
525
696
106
320
954
784
319
177
232
936
702
921
157
630
538
176
863
657
435
519
606
154
776
600
890
450
530
563
648
525
665
14
324
36
147
853
970
907
378
153
829
775
294
522
943
998
55
62
938
175
41
52
296
804
17
816
647
374
762
849
806
675
667
994
658
734
524
927
324
654
87
170
870
943
140
145
220
264
838
472
499
621
387
363
211
803
423
76
995
170
777
408
755
266
748
490
457
452
843
597
592
66
734
203
376
250
583
695
962
502
37
474
553
995
543
901
385
104
649
268
888
167
957
937
899
681
839
291
26
468
479
630
632
616
531
724
493
791
283
99
343
500
872
332
728
756
869
746
736
388
955
373
349
302
323
465
971
422
198
464
612
67
558
919
147
768
547
94
94
782
492
900
94
859
560
245
339
612
948
832
317
319
674
521
415
406
97
895
557
541
974
258
400
650
920
607
162
807
572
316
426
112
292
865
651
977
415
575
623
667
347
163
355
9
527
808
370
707
339
806
898
699
674
483
739
40
615
553
317
15
776
254
802
529
712
669
775
841
969
985
431
397
119
94
26
103
97
397
773
736
659
750
277
897
587
253
605
899
194
879
270
620
198
558
361
911
352
538
658
913
106
847
149
940
680
289
762
940
631
98
716
25
319
665
153
681
646
117
218
453
265
65
512
321
456
128
535
240
31
629
220
459
128
829
688
741
928
891
297
290
732
540
368
545
891
526
565
848
966
337
118
287
744
883
647
703
918
618
739
298
960
187
879
28
640
851
111
19
511
33
138
651
332
490
476
184
543
906
608
466
610
479
113
673
472
473
636
15
171
113
704
334
476
590
72
383
423
729
313
971
77
74
54
76
804
741
49
920
799
261
364
385
518
50
751
652
925
596
337
496
566
194
388
993
183
903
408
507
589
811
322
270
526
253
805
100
618
31
263
534
255
368
392
31
776
837
391
635
525
731
873
774
842
215
276
513
9
241
836
729
491
761
422
17
332
895
804
754
364
725
162
571
734
16
794
913
41
348
226
577
962
955
854
79
691
247
365
81
533
639
111
607
718
334
434
464
995
437
126
290
225
812
359
580
99
205
731
227
21
665
949
933
569
547
900
855
539
983
204
717
601
642
788
331
816
85
843
634
499
947
173
955
17
510
424
637
907
678
358
67
788
352
123
282
772
757
39
104
782
759
196
997
724
742
303
248
210
780
328
789
384
759
960
397
524
775
987
168
793
623
261
22
107
632
389
457
708
271
974
513
917
253
246
127
400
886
361
721
118
792
994
359
361
267
482
889
915
143
605
644
824
799
834
328
150
693
101
707
964
159
66
400
875
148
645
487
234
397
255
519
122
944
960
819
658
663
495
647
323
380
151
940
607
818
915
387
460
65
994
51
395
720
411
673
803
415
28
573
738
745
743
123
917
929
461
816
933
211
156
146
483
723
635
738
613
783
332
538
935
8
480
738
529
240
223
984
33
359
16
331
357
983
234
746
444
285
534
708
576
890
124
488
244
212
613
889
705
470
11
255
750
704
939
457
174
550
302
444
400
336
237
542
637
529
217
21
222
600
553
333
647
791
465
824
310
840
196
927
461
937
955
403
487
944
485
825
479
439
229
74
371
663
814
86
956
566
616
452
270
659
439
654
624
133
337
418
655
784
438
627
62
522
23
472
916
848
689
867
176
562
778
604
407
921
953
182
597
376
452
725
840
337
933
600
135
440
627
87
985
994
251
276
635
208
213
737
306
431
310
894
907
926
444
834
560
71
491
24
330
168
479
706
297
532
205
174
530
860
413
991
427
32
574
816
964
778
153
345
682
581
573
119
912
211
6
87
612
752
825
43
718
405
444
652
733
373
184
696
497
490
108
607
392
26
741
215
902
560
900
947
187
738
755
615
809
666
901
242
450
789
705
54
735
137
602
33
59
511
774
674
546
66
775
363
311
153
638
638
737
949
290
342
884
192
885
427
72
623
97
817
873
386
623
668
622
193
648
401
330
890
111
606
181
837
625
31
378
963
221
210
227
513
642
546
260
80
847
62
724
15
179
613
750
634
987
648
893
352
266
723
993
277
785
71
218
163
920
887
631
465
19
457
565
599
299
261
792
45
338
987
983
548
669
396
223
122
986
977
273
901
384
982
859
673
247
781
326
374
157
643
330
794
708
496
797
916
523
982
583
23
592
396
918
343
740
118
627
992
693
367
642
848
275
282
185
730
671
243
560
567
965
417
980
270
183
127
450
405
955
7
172
18
60
483
696
911
291
948
162
117
673
750
396
376
79
978
460
397
613
308
832
785
701
949
360
282
189
185
987
529
523
502
470
449
595
37
230
853
492
13
987
193
828
432
166
628
919
314
225
540
986
839
52
481
839
465
533
382
631
677
960
522
852
197
690
326
910
820
955
117
697
734
162
853
848
895
333
791
51
855
276
751
939
868
359
682
148
878
497
496
579
884
984
578
765
485
173
692
987
556
701
813
354
551
674
722
939
876
183
977
583
952
607
16
82
869
301
197
851
360
816
321
985
452
576
440
928
610
865
800
327
109
715
614
553
671
348
49
567
653
343
130
426
766
336
326
215
453
259
961
689
622
376
825
68
453
900
637
947
926
156
603
88
343
86
424
275
98
592
568
834
970
881
969
880
9
422
834
333
531
227
221
402
169
376
433
23
678
626
470
280
231
238
32
546
888
791
199
260
282
218
857
795
315
40
710
86
408
491
9
644
962
60
780
623
422
819
867
802
761
832
645
988
379
399
678
704
39
919
374
843
613
546
44
504
921
559
247
80
643
178
734
566
606
368
75
998
672
779
984
593
202
407
354
346
532
774
621
868
940
341
917
372
723
7
327
767
827
656
167
756
165
621
336
488
32
542
82
305
38
63
436
162
873
828
848
7
823
532
746
349
186
95
414
225
928
796
732
253
509
39
35
261
424
314
670
963
253
593
629
496
349
593
818
740
186
134
795
781
387
644
968
871
485
71
127
218
564
817
825
735
592
911
46
219
811
102
135
69
235
88
154
61
320
901
797
110
88
83
397
466
615
810
45
687
864
809
376
477
805
779
50
123
238
846
743
461
142
105
531
18
546
306
1
37
343
508
674
421
946
248
674
712
161
469
868
476
536
964
788
471
662
28
513
803
873
222
669
691
727
705
803
819
520
706
29
893
738
732
942
611
95
593
992
276
147
221
636
360
193
600
252
237
134
822
122
232
441
590
388
950
240
4
805
28
229
639
211
475
214
270
639
641
360
478
553
822
117
667
328
695
421
51
680
466
371
375
853
131
781
663
889
795
554
333
724
735
805
380
253
422
878
858
618
959
782
137
18
5
967
341
841
273
589
755
798
736
124
319
425
101
524
98
884
326
859
420
562
100
903
686
742
7
76
667
843
662
921
148
481
634
128
662
822
919
617
268
323
972
535
504
382
581
204
377
591
507
988
649
827
31
561
965
96
842
125
320
350
184
118
345
859
246
115
312
307
642
920
852
739
26
267
737
288
249
377
238
297
67
793
225
132
595
22
501
347
323
795
282
320
737
103
592
60
402
127
396
517
614
265
690
198
908
643
494
239
766
288
772
507
527
171
471
378
363
690
510
672
979
763
169
657
611
560
217
222
47
713
778
186
631
42
229
328
490
779
926
974
561
699
796
175
626
339
83
973
217
391
883
739
96
880
43
442
329
177
222
198
524
715
1
732
551
185
157
400
735
631
804
804
19
253
643
209
32
796
955
170
497
260
315
706
274
286
429
104
143
661
964
60
494
392
486
380
819
380
428
268
331
670
2
639
766
380
762
565
571
577
696
341
781
733
871
918
658
150
521
56
583
491
127
586
155
851
131
185
888
194
161
325
310
844
599
503
673
594
817
463
301
246
94
973
804
620
871
46
166
951
262
630
681
586
683
38
795
710
705
899
650
31
464
58
732
848
91
94
227
861
192
475
758
118
316
969
287
244
324
60
758
648
826
459
248
830
676
836
343
943
117
102
709
345
170
680
281
644
590
176
553
919
61
338
732
328
215
364
691
75
75
776
738
948
865
170
862
5
585
189
412
35
622
614
355
503
183
726
176
200
116
516
706
852
858
890
380
7
456
759
845
835
782
539
320
861
554
935
348
728
627
79
445
683
206
655
819
883
580
309
872
936
990
736
328
987
822
539
297
767
300
921
128
678
625
954
275
628
495
142
464
399
798
675
199
458
955
249
640
734
779
594
474
801
360
217
220
969
885
881
773
933
195
756
239
19
333
848
290
376
504
609
20
514
220
604
123
624
538
164
524
842
404
805
852
356
648
685
624
373
101
152
970
185
99
636
410
223
214
347
210
405
895
37
689
218
910
754
625
73
430
821
215
368
344
25
380
604
761
225
912
78
94
107
143
221
500
917
913
282
336
259
425
653
483
785
817
566
410
353
314
916
694
880
714
818
373
931
742
281
412
680
861
384
284
679
824
199
368
119
528
405
847
758
837
291
940
289
442
458
465
145
579
742
869
0
598
318
49
60
971
523
183
467
347
980
935
891
42
711
343
235
988
726
398
549
611
494
324
280
556
614
697
340
705
768
248
126
290
731
868
224
388
553
284
11
493
266
818
12
322
990
476
3001
204
356
336
385
788
371
864
687
861
907
703
424
679
161
109
328
514
313
423
849
250
622
536
295
337
58
333
933
374
319
828
270
384
654
583
62
750
270
819
792
898
84
712
42
729
358
776
846
440
662
511
120
339
776
263
303
184
522
370
458
634
401
341
291
344
915
318
620
117
801
417
571
382
991
14
906
212
278
415
292
561
652
283
283
493
269
780
23
543
818
467
796
547
155
68
104
199
278
430
770
35
816
200
811
690
868
767
603
232
108
622
644
611
914
856
940
501
113
428
890
54
12
705
322
23
531
410
645
747
284
421
41
475
246
989
440
155
998
747
115
273
668
911
845
656
882
938
670
715
31
189
223
543
2
168
609
580
633
220
72
451
672
416
120
118
694
860
231
251
947
915
414
221
536
512
465
653
275
302
252
652
12
781
689
820
399
827
660
32
392
567
445
14
208
89
466
336
417
351
380
181
709
141
304
57
122
453
330
578
858
349
459
108
526
560
14
910
470
185
156
743
222
903
477
247
66
215
485
638
962
791
765
778
81
338
528
585
27
909
444
312
493
336
607
271
433
309
738
946
617
86
547
569
233
370
205
636
554
680
1
258
265
422
775
354
935
694
175
82
291
565
129
530
197
922
940
601
337
627
870
312
869
480
654
771
900
487
784
87
999
689
872
457
322
729
157
732
869
131
427
886
608
386
269
738
16
842
838
874
1
320
357
790
167
297
249
872
35
894
652
554
996
254
266
159
493
334
315
58
23
869
457
770
929
175
741
478
489
397
877
171
273
34
29
395
702
394
436
217
883
642
222
780
518
605
758
735
906
80
905
4
810
901
635
75
992
775
518
348
576
861
795
304
244
699
710
113
794
812
247
458
339
815
638
219
591
446
405
231
343
657
747
458
615
456
930
422
999
930
440
389
528
757
506
509
836
327
69
435
208
52
864
472
978
338
730
31
300
334
848
385
673
163
43
154
602
565
414
580
25
332
703
462
375
690
604
429
415
577
105
367
316
161
554
825
374
704
399
550
345
596
856
795
527
465
368
567
169
359
628
665
515
597
682
809
387
118
550
669
376
410
474
571
973
277
935
592
231
873
563
828
758
419
310
517
179
742
566
200
395
452
613
295
667
425
600
726
956
932
512
938
932
119
275
14
926
344
202
722
93
744
516
131
133
462
447
510
71
426
599
988
433
147
264
513
272
993
455
430
591
194
423
621
845
749
706
212
475
745
871
894
256
67
455
343
267
420
26
943
434
656
559
161
734
277
134
497
333
717
404
854
494
146
345
54
759
746
641
927
719
776
723
680
680
94
2
336
812
770
696
281
853
886
261
198
270
301
779
861
788
535
350
231
653
17
763
10
232
422
266
802
619
559
566
680
130
722
933
59
836
775
459
844
737
806
26
708
331
625
920
949
520
284
974
926
625
810
584
581
115
333
855
821
545
967
399
306
598
418
42
311
824
852
533
557
528
14
141
218
207
808
748
641
192
847
202
738
969
158
291
7
103
369
39
816
12
508
763
401
380
550
163
352
854
682
314
984
927
456
784
873
308
240
275
694
141
704
93
922
218
406
399
189
415
361
649
789
607
605
30
932
598
674
574
504
511
575
585
457
842
836
387
440
131
205
933
57
402
505
710
124
842
737
541
172
409
175
952
924
802
913
818
829
434
112
829
943
190
975
304
109
781
720
342
826
629
226
705
337
800
331
732
121
484
734
607
756
82
650
805
249
943
733
169
951
815
827
489
380
419
215
767
347
922
487
54
474
757
659
924
485
428
717
140
304
833
574
340
55
620
294
556
77
920
41
489
324
34
687
271
443
386
110
273
557
535
192
718
999
182
728
833
656
451
804
815
760
617
922
820
972
250
297
881
599
639
872
610
956
212
804
483
213
916
513
705
891
833
838
409
934
571
850
37
212
851
847
591
456
338
489
125
666
450
27
965
689
995
118
179
362
290
314
492
94
219
981
926
167
972
667
809
282
995
589
576
313
29
581
773
163
320
294
383
368
656
60
502
665
940
855
759
758
164
659
961
843
275
80
573
628
403
743
892
851
148
1
57
506
998
963
904
151
5
140
118
876
939
746
898
711
131
990
636
220
631
565
600
864
623
259
952
147
287
434
597
34
771
757
153
170
136
861
962
259
510
482
709
190
724
925
177
677
810
468
537
368
774
400
718
947
428
295
694
724
601
406
31
675
742
846
827
441
92
457
707
218
790
769
777
370
764
392
142
475
444
635
864
867
259
171
35
551
612
940
711
937
253
585
11
172
695
55
560
869
648
173
390
972
62
93
181
729
290
374
729
179
949
808
940
266
69
355
494
48
529
894
88
278
862
109
468
18
58
849
855
774
544
837
832
500
412
701
391
894
84
531
399
666
639
917
16
828
29
772
458
618
295
824
452
880
41
933
257
751
189
860
832
712
122
564
358
856
603
253
288
284
372
799
115
951
306
592
668
683
521
628
907
555
696
321
584
681
120
843
649
380
506
468
664
907
260
474
69
565
981
863
471
810
561
380
858
929
311
430
808
739
583
330
261
201
899
467
680
0
857
187
353
116
290
113
431
720
190
536
605
12
814
440
374
815
467
994
937
237
851
77
511
919
379
78
641
83
366
660
226
65
682
438
692
412
625
831
476
502
978
935
527
404
544
236
530
12
118
407
496
892
137
592
0
122
966
227
824
649
82
497
173
21
160
216
730
198
959
250
722
448
182
150
826
171
700
708
943
389
751
315
288
219
665
240
411
640
269
571
296
40
983
716
960
446
848
163
105
321
22
824
927
433
222
581
675
583
929
471
614
603
191
56
783
740
139
170
17
317
957
326
872
873
660
292
392
479
101
805
710
753
140
528
626
757
180
884
974
332
959
391
454
812
758
155
625
781
609
28
398
308
998
117
557
261
15
521
642
324
490
147
402
890
212
984
690
762
128
937
40
384
426
238
968
233
169
470
393
589
848
890
691
406
904
273
204
912
19
527
812
47
644
152
408
558
484
161
827
108
246
486
814
933
914
24
473
928
133
936
31
301
604
292
7
549
482
535
89
121
818
566
108
28
730
449
43
940
703
895
681
968
344
728
225
682
675
112
876
547
630
347
251
453
518
897
20
164
747
150
266
198
377
939
321
857
112
723
987
483
80
168
613
131
691
442
475
210
46
524
609
967
945
245
174
182
143
195
515
847
489
116
948
411
78
192
817
617
622
929
449
197
442
898
595
353
247
39
186
388
666
635
814
571
76
963
516
35
790
584
25
711
944
979
790
674
927
399
428
273
846
264
773
161
544
845
548
676
340
485
531
76
3
322
966
205
774
827
883
743
101
802
708
505
53
796
647
765
582
147
602
799
269
387
34
346
843
640
638
678
840
653
661
694
930
695
396
189
843
330
87
734
70
254
720
821
141
49
963
317
116
201
230
833
133
930
317
756
137
199
640
239
53
341
926
589
185
347
644
117
104
715
624
963
813
763
485
778
359
409
672
297
84
740
424
523
334
626
332
88
967
243
537
37
642
80
868
100
125
112
20
629
621
924
319
927
239
714
126
30
747
160
301
844
751
151
55
291
850
771
139
278
362
699
424
358
8
209
461
557
508
37
806
282
140
659
639
148
330
54
107
236
135
394
655
999
351
901
509
92
414
325
589
55
147
711
781
234
827
566
194
163
252
939
848
114
849
287
337
518
208
130
657
790
581
724
327
117
308
714
584
201
399
536
19
336
102
390
266
830
197
616
164
190
89
761
40
789
36
364
147
996
182
758
498
265
585
776
679
327
669
213
691
751
431
797
891
870
115
932
890
23
82
578
720
978
403
573
418
776
104
617
500
419
589
712
483
575
795
853
631
166
704
554
53
817
575
591
267
458
480
706
383
514
669
814
885
481
190
82
860
445
314
122
97
658
548
598
67
860
198
955
166
987
291
879
927
887
856
962
204
625
815
847
492
54
102
861
513
940
439
897
870
544
974
264
36
781
498
844
969
506
447
256
583
258
533
427
568
162
698
415
636
229
939
617
610
595
765
486
801
249
995
101
127
154
753
527
531
644
39
90
385
729
619
210
397
833
240
658
373
73
370
817
542
686
120
422
774
683
277
172
476
260
701
75
23
155
715
225
847
506
20
42
547
489
520
445
350
281
624
977
594
346
795
972
164
6
950
618
0
70
161
429
749
702
747
163
414
958
595
728
960
874
925
894
919
162
597
495
991
590
705
972
750
436
673
820
376
411
647
980
276
549
914
379
320
111
126
19
941
338
113
136
596
731
206
760
74
313
461
40
367
51
167
80
75
857
376
563
720
607
228
300
204
706
919
307
948
932
411
978
817
352
291
22
556
338
197
323
952
630
283
864
763
508
482
532
433
406
111
824
538
110
730
27
860
960
187
806
845
211
942
316
583
548
532
583
468
809
489
447
12
161
343
605
537
211
633
352
51
44
488
372
992
643
764
133
919
21
198
687
695
954
26
448
475
487
287
175
761
193
6
438
60
758
939
841
613
220
309
436
192
638
701
53
224
367
910
624
910
867
332
559
240
477
691
76
33
154
789
135
869
373
458
91
810
886
114
737
591
357
613
516
390
9
151
16
517
6
206
450
831
365
518
298
752
668
495
410
653
908
841
571
769
994
748
18
950
433
102
189
659
29
169
402
187
362
384
10
427
490
79
298
966
21
551
118
747
290
841
132
745
224
413
979
961
57
772
995
873
949
601
769
318
904
27
581
819
108
169
596
120
575
681
257
736
160
70
746
608
712
605
871
424
802
151
352
284
570
541
642
13
844
153
824
757
627
781
157
281
797
703
233
216
673
121
180
70
876
412
647
912
907
41
983
39
677
719
258
662
575
759
125
939
835
893
887
835
890
806
842
657
899
433
144
53
580
778
231
855
131
833
830
483
692
519
488
245
358
16
380
439
778
873
212
23
148
6
23
784
226
368
75
542
424
905
566
69
981
211
74
575
122
346
294
895
595
845
902
650
449
742
946
791
361
854
326
751
766
78
538
28
33
940
214
863
121
602
729
892
784
143
482
446
905
469
952
906
836
764
981
68
686
344
944
163
820
930
219
970
607
295
930
571
328
790
95
751
975
415
365
299
255
214
700
635
741
39
227
190
679
390
465
635
900
642
278
110
810
757
714
721
331
180
348
199
244
772
74
492
550
621
396
58
33
189
9
558
610
315
18
637
647
742
276
290
871
897
141
994
58
564
440
25
343
604
883
390
538
416
327
462
192
368
794
852
766
74
726
702
214
748
928
834
681
197
554
194
648
948
251
559
671
165
630
854
493
624
576
15
986
871
477
450
18
387
491
69
939
952
407
344
454
488
634
311
784
174
421
458
985
173
880
577
6
0
929
719
928
515
912
116
206
430
417
386
470
270
905
941
110
603
935
670
240
904
144
798
387
217
679
377
521
689
331
697
182
111
998
501
451
807
186
850
720
60
134
123
628
824
425
535
825
642
435
843
829
48
778
578
104
215
12
962
616
863
144
726
828
58
437
234
905
332
107
810
70
85
1
421
230
387
539
63
204
590
622
5
726
643
470
137
753
583
703
852
558
948
344
205
663
860
180
995
490
501
902
455
543
674
760
117
198
929
634
4
619
29
479
460
335
257
460
325
515
822
176
627
420
142
111
621
161
805
546
447
509
69
119
302
621
524
564
746
221
364
472
830
578
702
66
546
745
115
948
462
280
396
633
20
793
322
311
733
430
189
488
827
819
959
835
641
185
535
899
507
583
270
461
661
821
765
697
988
454
389
362
152
979
686
838
701
427
435
949
975
674
943
865
295
989
843
49
606
68
534
649
298
249
689
728
639
114
841
459
386
837
329
682
699
506
154
412
85
112
858
101
976
787
227
312
515
387
387
461
913
990
766
702
840
184
702
774
423
133
600
735
967
469
629
531
151
145
524
59
445
165
297
809
156
74
881
382
140
418
460
236
730
527
649
332
289
943
139
169
415
998
219
473
771
192
822
422
119
117
210
301
546
2
627
83
345
449
161
663
789
580
971
621
273
634
779
888
824
166
413
502
805
215
871
178
390
463
322
761
801
160
281
651
593
732
728
711
531
716
313
795
581
231
489
780
952
508
146
308
271
317
216
4
281
226
881
44
943
422
711
581
952
344
378
6
91
633
475
524
335
603
849
262
29
133
194
205
555
262
437
61
31
720
322
546
246
952
385
549
222
884
328
276
218
332
297
12
815
34
839
616
366
241
309
203
542
507
195
566
759
895
510
804
456
497
397
172
867
623
319
784
585
686
406
691
949
899
753
55
732
101
314
64
615
457
366
868
113
208
567
434
409
272
530
805
957
463
221
724
762
907
876
658
38
612
796
986
412
273
949
444
405
121
451
861
401
933
216
37
462
778
745
626
241
982
47
164
462
432
842
414
668
784
315
632
124
885
510
926
568
698
371
218
64
588
228
994
251
379
902
545
326
366
153
812
410
999
909
994
169
436
240
662
989
619
789
136
907
329
68
788
465
969
804
18
900
153
439
476
328
431
199
664
875
599
479
307
987
609
898
592
809
535
588
641
759
250
769
606
477
221
83
505
936
76
473
372
904
640
662
911
390
676
69
59
576
416
757
206
807
12
256
859
977
556
420
73
135
608
351
351
859
494
838
409
309
7
601
49
427
83
624
536
174
990
180
232
499
477
684
425
642
222
914
185
302
867
106
520
629
709
545
688
881
920
313
963
94
692
847
795
528
287
207
229
966
890
611
564
77
778
793
439
983
15
638
791
239
665
901
378
271
469
12
476
955
51
357
79
588
17
222
986
107
530
78
526
65
134
3001
47
403
972
707
958
601
43
209
706
606
507
339
468
215
541
537
49
674
159
448
870
188
249
877
925
849
562
60
860
670
667
286
789
666
850
551
408
76
804
694
275
390
219
252
666
241
414
970
609
47
289
487
299
341
145
203
138
709
346
90
116
853
938
6
614
296
133
661
775
146
480
748
605
597
493
612
67
262
556
197
709
878
543
908
474
879
252
7
534
765
286
511
976
275
650
200
758
982
76
810
73
75
953
549
841
275
531
813
974
970
429
731
254
433
280
919
33
86
723
962
373
329
473
562
967
283
128
342
493
732
728
965
665
9
0
354
442
206
875
378
233
764
1
412
435
783
2
369
661
23
894
824
139
350
127
173
901
4
470
378
860
413
430
267
798
911
821
63
701
571
149
593
410
742
775
516
92
821
401
581
368
826
723
1
626
980
601
636
965
511
173
834
192
816
222
695
637
766
757
913
356
173
642
915
388
658
32
281
148
262
568
920
118
100
903
983
34
65
688
625
49
902
314
583
779
760
284
156
901
903
640
271
224
46
616
841
546
102
594
450
95
158
948
284
99
98
971
815
400
292
499
554
275
796
271
428
734
394
670
585
659
587
288
345
802
78
690
327
577
883
475
980
861
550
820
256
701
341
998
598
338
941
584
561
718
602
714
841
492
274
998
269
540
583
328
705
788
539
350
513
153
394
406
232
364
771
315
450
225
170
285
829
96
36
859
212
279
191
752
0
550
786
28
99
304
247
124
27
686
487
254
987
977
438
437
311
682
825
26
781
560
244
633
218
549
120
56
59
394
9
0
89
951
900
139
18
726
959
432
977
398
818
179
898
412
717
333
316
883
163
989
980
330
519
738
895
863
173
680
530
395
340
219
608
748
872
372
65
551
919
78
5
38
360
687
195
529
755
596
905
414
264
328
371
400
660
391
629
533
224
221
814
506
58
372
773
216
402
502
819
886
61
530
380
632
613
366
236
548
445
970
302
530
266
362
103
136
472
470
792
716
468
814
902
67
876
605
17
664
15
892
988
763
681
343
177
716
417
551
566
895
533
482
137
257
17
77
447
219
65
747
428
908
258
627
224
454
418
174
666
473
268
685
659
274
205
836
370
729
520
457
124
891
710
749
343
218
76
371
642
737
919
199
128
274
930
541
76
740
581
97
53
949
836
457
982
614
83
906
146
287
366
973
685
341
901
612
110
234
439
256
23
899
689
375
571
879
136
20
925
833
684
321
541
843
589
50
250
305
887
538
978
955
324
958
614
655
777
201
543
190
502
101
310
746
746
715
16
705
269
310
424
913
43
791
537
398
687
197
391
557
212
925
614
393
552
330
610
378
990
203
708
175
472
100
205
315
405
572
98
49
908
802
795
555
992
901
56
647
546
39
110
454
163
296
206
779
666
475
421
113
128
662
251
4
795
689
600
128
180
228
346
115
441
327
131
226
832
9
226
588
273
447
406
243
344
695
738
669
771
132
513
751
782
848
71
31
590
565
559
422
442
92
340
581
178
488
632
472
84
260
110
48
268
342
351
429
290
443
190
259
811
109
178
719
728
826
855
978
475
274
843
754
672
162
62
888
351
598
737
509
316
428
448
165
431
662
382
442
869
768
666
772
464
882
903
514
621
632
934
320
667
76
527
561
277
690
399
237
608
195
791
303
920
168
713
706
761
695
440
463
175
715
375
792
127
168
900
441
300
172
662
0
245
420
20
941
443
560
705
76
687
691
551
702
393
634
269
527
610
365
46
857
515
931
68
53
646
572
977
171
466
359
778
180
388
408
84
705
897
369
170
439
607
748
422
124
199
424
774
488
586
593
505
63
98
324
56
578
75
785
488
47
595
893
930
491
225
235
342
59
650
594
702
195
165
834
900
557
5
878
328
368
706
260
765
438
621
304
9
656
107
685
614
826
540
212
629
559
212
608
833
623
638
23
377
899
896
77
819
996
325
811
74
618
851
177
835
127
554
717
663
610
449
464
635
868
583
210
719
406
798
266
739
535
957
481
412
983
304
251
763
297
605
209
348
441
354
107
335
638
613
761
677
821
244
434
836
517
66
102
501
84
127
461
715
488
804
782
784
843
143
723
575
788
962
110
133
519
317
794
957
591
129
546
459
634
725
782
900
547
955
9
207
359
323
622
581
281
911
935
758
853
275
110
144
312
535
387
672
793
353
520
56
413
383
551
656
672
880
628
250
431
132
384
969
859
683
253
877
413
45
786
410
772
678
144
674
178
115
87
450
594
811
751
15
470
895
210
792
767
739
105
743
526
259
667
349
953
768
831
685
49
340
238
700
444
142
992
106
694
636
280
146
87
269
462
728
517
198
297
833
762
363
525
441
564
704
436
253
996
153
297
171
457
198
419
698
44
30
252
449
546
399
496
730
406
974
440
212
726
32
328
715
592
875
251
591
107
405
538
84
983
425
712
460
378
577
503
405
95
713
788
22
769
510
854
919
269
140
604
759
336
571
149
564
92
706
15
353
281
58
592
736
517
242
211
931
539
948
845
633
654
6
635
917
375
799
615
805
385
940
385
697
805
876
244
791
642
599
54
578
365
155
41
431
150
243
323
944
201
43
896
181
904
486
157
421
257
462
853
987
192
763
127
993
632
670
80
890
42
348
308
106
613
173
698
558
71
714
501
456
821
585
937
426
397
528
613
162
888
479
429
995
606
269
467
871
785
259
980
433
449
711
232
96
211
37
989
661
398
808
262
59
656
802
533
876
415
79
641
782
487
608
101
232
927
190
457
512
991
648
860
347
851
833
510
428
544
881
973
98
760
314
201
17
106
324
402
607
888
359
419
861
822
990
266
938
154
37
605
642
462
970
672
697
352
585
736
285
68
632
406
159
731
722
449
711
990
615
706
145
648
412
685
634
54
32
325
669
320
465
613
291
746
221
868
588
956
211
755
262
228
18
614
134
529
727
707
274
522
773
487
489
269
250
570
607
663
609
611
506
957
554
681
262
761
91
422
128
538
962
620
16
397
504
416
296
424
177
332
0
760
658
568
449
51
781
707
675
443
367
135
155
683
850
604
708
568
198
481
541
616
685
351
283
11
772
18
405
902
108
890
968
541
646
673
631
955
881
769
122
524
423
456
427
435
644
541
566
994
604
925
434
145
266
76
924
874
643
364
281
622
628
496
157
608
962
444
62
232
990
78
679
596
553
127
996
493
182
751
790
543
418
119
465
46
521
822
339
427
269
576
392
170
42
482
541
563
880
167
934
427
271
151
591
261
655
498
719
878
973
607
870
908
882
170
625
316
764
57
875
421
706
457
663
6
386
902
97
771
865
706
3
143
636
925
989
854
783
466
669
504
591
340
906
549
489
829
553
435
649
546
115
302
128
685
828
353
724
512
9
393
0
64
128
77
748
683
824
502
170
284
474
549
700
781
364
710
239
582
193
127
616
78
311
875
517
998
649
214
511
838
739
983
774
926
170
564
19
224
256
161
725
611
50
306
989
218
444
276
420
564
970
449
738
392
801
621
664
463
780
888
910
633
946
874
606
601
343
169
844
257
998
253
799
768
544
294
706
801
124
310
38
534
426
356
301
695
156
572
239
387
144
58
495
75
537
803
854
536
882
991
501
324
412
98
887
629
807
971
871
71
856
505
158
904
899
726
69
861
599
344
218
296
172
828
381
109
37
241
262
714
924
95
359
424
15
437
513
187
57
123
101
176
665
481
890
47
631
303
309
755
907
749
135
807
396
861
894
944
8
540
372
307
420
273
494
568
913
656
486
317
859
157
983
167
18
373
884
790
544
404
761
645
362
243
598
398
520
79
19
361
902
604
333
941
514
94
939
162
357
721
215
216
989
157
89
35
154
490
213
94
593
864
80
857
590
262
643
469
360
302
23
63
602
753
464
860
205
4
60
312
982
946
804
286
137
405
750
400
538
259
564
381
115
617
908
633
947
750
974
227
302
621
737
12
840
200
26
383
560
625
82
986
17
24
408
673
64
361
53
783
341
666
134
816
634
660
835
751
82
148
580
465
299
258
514
716
145
120
309
763
223
445
28
554
385
757
419
720
185
101
504
791
157
849
361
127
961
306
171
949
791
461
481
871
178
500
240
450
376
482
441
544
598
134
523
908
430
132
94
596
983
256
393
321
714
628
85
422
531
385
56
886
872
125
933
297
154
223
869
194
305
248
79
373
962
178
460
311
548
668
245
717
79
814
777
638
913
753
719
326
20
124
401
755
24
415
222
905
162
463
407
257
100
269
572
371
365
703
113
130
62
960
939
177
656
286
35
872
775
887
870
186
131
22
425
298
706
652
877
852
607
100
932
231
885
901
720
106
617
426
138
19
401
923
248
756
782
281
602
179
51
936
58
156
543
13
691
304
821
774
336
425
226
144
765
925
864
761
387
733
848
703
326
13
62
21
731
367
627
155
245
208
926
541
738
208
931
584
82
675
95
673
500
613
155
393
526
184
756
549
672
766
681
279
227
986
564
269
869
235
908
261
993
480
645
455
514
333
692
684
841
969
163
755
60
227
20
986
552
113
644
97
907
290
215
875
724
430
971
377
491
89
25
522
364
878
541
792
105
81
204
656
36
67
239
473
917
573
992
358
474
31
862
59
985
258
481
908
417
962
901
843
672
766
327
855
841
883
617
548
436
533
386
587
560
7
184
69
67
255
887
296
397
30
765
846
718
61
226
776
957
376
630
243
406
338
637
193
778
243
10
553
590
154
807
206
696
182
795
922
851
851
982
276
489
488
443
953
34
115
597
406
20
793
669
749
950
636
186
164
150
970
813
93
710
679
20
31
332
472
982
460
890
226
723
464
806
557
983
177
694
433
199
178
63
875
275
767
64
326
905
760
648
233
405
893
123
624
194
326
839
451
423
886
283
78
673
322
320
241
821
801
524
121
493
140
150
184
780
490
391
556
514
960
165
884
63
770
579
851
856
326
731
305
773
179
412
590
293
830
928
10
486
297
302
198
99
152
13
943
79
511
486
349
152
205
876
557
477
874
953
667
127
59
812
947
310
378
884
939
70
438
703
719
950
791
72
248
19
497
98
683
434
442
645
826
998
968
354
27
508
245
187
587
619
137
306
671
185
905
172
951
166
671
322
925
148
688
792
628
117
404
917
735
600
911
507
9
324
157
200
196
705
46
521
119
50
181
457
326
73
853
264
793
368
713
903
638
132
898
834
825
311
306
119
424
294
613
868
252
269
455
393
865
181
66
657
362
532
991
565
98
606
140
422
397
135
143
83
501
921
662
882
868
34
945
691
197
641
987
136
96
205
60
621
585
347
261
838
615
150
14
884
769
504
58
897
236
898
650
746
751
911
812
53
865
986
216
820
259
696
840
151
31
704
105
807
361
437
37
418
105
32
929
552
0
285
776
453
104
653
147
726
809
929
250
233
610
73
848
706
3
995
310
414
756
960
376
801
629
155
802
339
278
553
988
560
733
633
371
963
753
518
97
776
666
418
917
26
114
568
383
897
486
516
131
369
390
768
771
742
744
23
186
439
960
365
7
377
642
386
309
43
430
271
897
657
566
772
815
261
86
155
815
83
650
17
734
350
760
133
115
657
639
25
465
382
894
199
742
987
101
412
689
756
180
55
583
763
295
400
445
296
63
265
813
157
194
735
249
839
174
575
617
306
70
924
254
677
737
159
887
725
702
807
614
615
746
431
72
561
287
445
839
450
242
585
332
637
79
55
714
298
299
296
397
756
201
375
649
820
658
43
260
923
470
670
44
387
99
551
426
769
905
152
444
926
562
69
773
153
646
804
300
356
462
33
491
867
673
454
560
635
392
809
904
225
964
504
682
545
9
396
131
783
959
788
853
16
593
468
386
129
561
997
575
410
665
276
255
836
882
414
193
708
101
666
629
37
233
63
591
354
839
577
937
620
577
872
911
840
916
935
896
369
385
105
229
304
887
309
199
82
537
783
235
222
478
859
634
443
736
45
334
597
805
406
42
345
143
92
140
993
277
978
723
104
494
329
42
274
143
245
15
803
905
600
105
584
393
256
934
442
740
805
743
136
941
753
996
71
76
363
617
516
109
303
1
258
252
898
422
95
483
682
195
203
784
849
204
577
867
714
778
139
446
809
665
642
257
767
427
712
907
130
157
921
874
616
359
786
441
186
439
996
114
656
525
771
309
685
378
567
47
221
847
79
288
655
672
938
984
773
327
560
115
843
490
502
265
302
25
159
301
989
248
321
269
398
891
781
665
375
111
804
134
223
391
105
790
356
700
924
696
971
460
951
848
4
989
287
822
929
314
340
531
840
130
96
581
467
754
785
160
538
372
822
381
383
821
77
314
832
929
580
5
767
529
955
991
164
731
290
206
442
965
302
697
954
868
432
34
70
286
523
782
360
619
42
169
143
146
809
630
868
442
917
195
293
976
308
938
671
781
182
682
921
358
123
706
137
156
889
364
910
776
889
16
864
447
206
904
426
801
911
623
751
587
338
69
409
821
766
852
481
242
425
685
138
555
963
923
565
187
483
227
438
752
363
81
414
654
595
225
200
890
560
485
840
785
455
140
601
717
625
266
717
775
275
816
532
239
725
138
359
585
310
185
97
26
937
485
184
407
725
932
958
262
601
285
321
407
681
775
198
578
78
165
65
682
942
321
941
769
598
550
61
628
262
783
107
375
933
312
889
456
88
898
5
559
116
211
44
375
986
454
161
83
376
418
220
578
729
394
998
64
988
27
877
436
891
85
739
978
496
647
348
530
340
880
141
593
965
400
83
169
254
855
49
490
91
463
795
739
861
515
283
324
