163
97
731
303
46
376
294
164
713
71
370
359
851
390
561
674
936
146
498
460
436
413
899
341
750
214
827
943
68
275
620
218
374
34
897
605
671
933
138
239
706
574
206
997
961
946
670
888
494
972
760
965
640
976
769
246
716
221
867
716
279
255
247
515
49
116
995
3
373
594
749
822
507
559
974
790
109
125
825
781
289
905
294
531
113
453
709
16
191
7
594
206
783
278
667
266
846
503
88
97
725
186
586
743
690
135
273
197
202
465
147
843
728
679
650
469
829
835
751
217
892
823
890
721
212
131
212
73
611
429
520
258
760
234
199
499
569
820
538
506
343
188
151
532
40
255
230
775
249
227
688
987
329
877
473
381
252
178
143
733
39
249
125
766
978
599
552
923
352
972
87
864
534
82
85
622
591
105
479
761
5
521
794
338
127
512
642
367
840
419
426
562
979
405
595
337
417
97
731
303
46
376
294
164
713
71
370
359
851
390
561
674
936
146
498
460
436
413
899
341
750
214
827
943
68
275
620
218
374
34
897
605
671
933
138
239
706
574
206
997
961
946
670
888
494
972
760
965
640
976
769
246
716
221
867
716
279
255
247
515
49
116
995
3
373
594
749
822
507
559
974
790
109
125
825
781
289
905
294
531
113
453
709
16
191
7
594
206
783
278
667
266
846
503
88
