3001
3001
381
995
793
528
692
400
604
623
969
977
169
811
511
84
34
335
461
13
902
969
881
681
278
942
885
472
848
896
539
371
136
294
740
236
92
388
616
373
113
723
337
842
946
398
262
102
762
276
425
687
458
944
841
781
431
257
749
61
341
976
362
350
37
173
232
684
742
645
762
974
529
750
604
266
765
86
389
408
653
105
154
423
379
367
668
843
8
996
821
537
999
489
43
523
99
691
244
931
456
532
508
869
490
629
43
864
933
854
802
908
183
834
725
449
262
892
547
484
262
786
252
906
665
379
42
629
809
20
908
625
525
621
510
366
437
592
950
228
366
544
441
143
159
714
313
121
48
818
54
674
338
607
78
543
720
683
44
763
776
299
621
920
386
902
534
269
449
460
544
272
487
189
953
495
424
169
913
333
220
531
868
937
360
437
69
906
660
123
499
331
440
989
627
134
536
357
230
149
376
147
79
977
950
296
781
211
125
209
921
320
553
731
862
700
905
264
708
772
154
958
892
896
467
660
529
787
582
230
692
109
91
612
857
459
204
723
654
0
371
840
621
520
286
918
84
149
559
62
425
603
500
773
246
442
626
417
854
477
86
29
521
141
852
538
350
176
817
902
822
898
708
773
133
506
671
456
475
767
847
160
181
326
831
16
224
824
554
199
755
828
623
977
582
140
463
951
34
943
493
632
507
843
411
259
392
45
259
624
394
502
339
909
351
58
30
118
466
638
324
549
804
855
227
951
847
773
37
663
863
547
400
988
7
623
427
329
206
444
544
980
810
916
505
690
120
879
782
136
14
576
618
274
641
612
18
283
381
202
552
189
130
701
539
963
678
333
59
588
165
481
264
535
744
677
641
53
256
977
705
52
867
222
739
577
927
189
47
963
88
62
661
321
43
999
60
369
863
109
652
368
336
331
373
639
17
767
63
542
587
605
2
657
672
417
352
899
388
352
960
531
953
47
51
15
88
607
406
978
415
351
101
231
190
522
373
106
537
554
929
687
458
52
11
992
306
690
997
849
937
690
538
931
244
159
390
67
177
419
840
992
380
638
894
69
74
456
786
807
197
555
679
490
770
918
459
21
295
987
736
169
292
518
705
531
995
377
776
379
676
5
65
521
906
771
920
407
793
980
220
669
729
60
345
890
263
373
133
611
597
424
717
10
861
153
761
257
553
394
133
204
750
755
834
190
244
738
673
981
210
986
721
318
687
680
483
896
463
970
928
542
747
253
732
923
98
43
261
144
592
976
186
371
134
655
826
526
968
905
269
138
719
724
31
332
266
947
967
634
235
374
717
102
9
295
531
36
541
195
243
445
698
937
58
42
119
530
733
418
91
82
586
280
960
837
633
926
470
969
968
941
26
693
271
668
600
701
147
883
379
940
424
286
147
784
666
477
873
494
601
290
373
362
824
662
141
489
253
525
152
520
870
353
508
930
885
444
50
889
510
598
39
473
299
539
137
536
10
424
184
341
769
311
591
719
282
650
7
907
449
655
505
729
907
652
933
927
825
566
732
740
408
253
517
535
165
201
199
828
588
808
17
853
137
855
912
433
707
428
785
867
400
702
708
951
362
559
502
745
315
387
157
614
338
230
140
470
761
807
417
368
292
444
794
276
754
888
573
619
568
354
962
973
716
273
847
933
754
166
957
680
235
354
494
22
576
347
269
227
580
232
780
205
614
80
439
532
383
932
930
387
458
598
474
572
10
255
91
555
788
716
609
777
850
575
7
840
418
267
952
285
902
551
100
831
581
203
581
766
143
9
821
903
607
454
618
557
102
969
87
643
236
608
721
266
340
953
447
299
48
677
164
867
595
267
952
86
296
855
474
547
467
274
336
909
926
485
367
271
89
881
499
894
58
990
450
690
883
537
393
923
440
553
844
940
743
745
561
534
832
673
664
916
62
626
576
102
443
126
103
403
659
863
899
645
25
30
508
110
461
264
629
676
531
909
751
355
76
760
806
909
928
932
16
773
165
531
376
210
887
87
737
5
803
285
220
949
183
590
150
247
834
967
288
740
637
427
771
283
118
941
463
353
784
809
53
361
402
57
114
881
537
355
731
723
651
937
396
836
137
99
742
943
671
696
207
973
348
239
998
937
520
7
50
617
395
405
29
970
806
355
694
501
101
507
522
680
49
963
724
95
288
440
182
803
379
249
156
349
644
948
741
695
655
838
364
933
660
102
215
366
819
120
575
701
684
61
487
638
816
141
721
827
784
534
395
17
474
70
986
276
757
533
650
220
296
471
212
82
662
656
81
239
830
159
907
458
306
65
40
66
735
628
498
635
204
25
468
638
653
497
230
658
164
81
27
382
386
158
583
579
500
186
257
501
748
179
928
762
989
934
152
433
572
541
72
984
612
388
134
56
590
226
190
111
288
235
231
395
154
852
504
854
779
289
571
354
440
912
893
427
489
894
703
456
903
595
643
981
692
541
950
832
887
556
116
206
964
172
711
781
593
452
342
655
744
88
7
203
42
124
477
86
595
354
544
888
468
245
463
377
683
985
430
322
794
376
640
764
900
659
263
312
920
523
357
981
241
751
572
170
15
807
868
280
957
390
828
34
289
980
706
714
200
688
399
305
648
970
675
565
595
751
877
415
913
176
48
362
752
190
413
639
138
286
807
809
164
499
173
316
708
115
207
24
90
728
198
51
123
890
328
64
974
437
47
840
641
733
454
929
873
970
591
706
188
47
644
927
905
1
637
189
940
594
663
398
73
923
898
830
37
635
391
518
282
616
2
599
459
17
703
527
65
616
652
706
536
453
493
117
671
82
876
668
590
93
733
623
824
530
928
408
549
374
266
578
663
616
793
948
1
978
288
540
187
550
155
820
462
14
911
753
970
850
920
744
755
259
713
837
152
646
778
421
671
95
237
747
281
755
940
795
45
838
346
95
672
446
789
223
931
515
771
775
329
999
46
581
536
842
31
381
850
824
812
780
719
741
344
766
360
445
527
246
719
607
402
106
843
40
544
25
847
91
806
519
313
700
333
32
876
913
54
753
871
900
215
674
407
549
616
891
372
329
293
527
921
118
538
539
718
549
615
356
260
846
842
963
196
639
840
929
564
106
970
848
820
651
513
334
195
147
869
747
833
947
418
564
12
212
844
83
589
342
365
566
760
437
13
990
248
799
494
58
105
809
923
299
644
347
944
178
192
878
448
776
604
748
243
331
308
404
195
796
317
693
651
144
722
948
396
28
176
626
971
987
149
166
286
861
504
581
174
979
996
674
272
927
829
644
301
332
72
441
57
745
650
204
599
2
615
724
804
716
402
305
812
784
971
143
663
492
552
634
321
804
188
174
20
749
875
305
973
873
608
998
107
921
828
295
487
429
180
450
143
262
79
339
274
218
396
978
641
592
642
28
950
562
89
98
856
39
201
139
744
653
874
20
814
748
720
88
93
220
340
512
399
240
467
98
521
74
680
151
193
477
991
630
319
508
883
865
399
576
968
179
77
57
15
526
76
889
166
647
30
803
491
52
0
696
592
738
406
141
871
904
59
655
4
765
953
600
473
901
649
814
509
799
477
900
634
81
249
653
277
522
61
130
157
350
948
814
192
994
508
103
731
357
18
31
72
710
489
548
761
844
375
403
319
299
648
681
976
712
892
832
908
399
138
58
448
527
651
603
656
472
807
423
652
38
283
284
657
923
833
671
277
234
787
868
285
765
771
537
580
312
863
976
879
735
458
926
645
899
382
536
581
279
816
426
57
627
604
5
64
899
144
373
230
57
782
299
119
128
364
348
851
491
109
710
963
642
633
478
591
664
292
151
801
314
509
759
649
622
277
126
763
641
856
493
148
656
542
710
867
412
692
304
700
791
95
571
132
699
592
505
716
357
317
575
418
290
664
753
540
826
310
655
262
443
229
776
864
626
953
9
33
263
94
350
204
806
805
615
86
5
74
545
966
661
547
234
875
170
467
473
632
577
690
984
539
201
811
850
796
228
732
735
342
21
366
747
661
650
754
96
289
328
422
438
325
757
935
700
561
271
742
451
124
701
808
786
160
881
548
364
985
367
395
314
331
200
866
520
211
212
925
950
154
66
636
528
50
180
399
560
109
219
711
854
679
962
863
114
852
851
803
341
484
406
202
224
451
802
913
195
86
305
30
479
40
518
27
344
931
486
952
659
502
474
18
253
535
135
932
344
429
303
166
813
542
2
65
640
734
221
390
600
19
820
654
891
866
570
329
538
280
36
180
503
19
297
802
408
445
848
772
785
696
124
610
676
410
310
703
843
572
53
144
62
655
185
216
676
115
729
249
268
401
93
114
680
65
302
106
267
814
191
845
546
859
280
929
883
184
100
816
963
146
283
911
484
248
609
809
274
827
493
186
981
470
295
121
201
632
958
629
129
416
710
171
401
640
687
932
139
733
94
463
319
238
786
203
234
710
241
819
589
320
165
650
822
211
195
767
579
574
871
995
943
313
605
684
642
802
718
68
687
674
705
349
42
85
959
339
354
165
965
30
626
59
109
359
929
546
124
776
514
336
27
517
705
614
19
65
172
1
398
126
845
943
165
850
335
884
416
813
453
391
120
630
333
760
430
873
34
2
46
585
678
598
399
763
951
128
710
864
928
701
14
173
523
813
790
269
448
269
427
587
195
237
973
570
345
98
295
840
682
609
296
113
653
188
954
334
358
746
153
506
533
403
896
417
4
516
913
455
637
595
236
800
702
26
456
46
624
586
759
810
758
292
947
398
646
154
313
522
218
350
108
932
496
270
623
183
979
799
412
801
725
539
242
618
607
408
184
878
683
25
546
902
996
141
487
156
821
660
711
729
394
498
231
736
164
669
972
135
78
740
495
917
500
856
1
424
459
811
702
18
490
227
879
224
94
78
848
86
500
301
651
117
533
273
338
977
140
118
466
779
960
387
478
355
430
191
869
199
538
591
339
963
92
322
477
884
680
898
5
724
142
95
395
983
81
212
636
823
963
638
449
364
261
567
51
440
266
47
378
780
58
117
859
836
192
564
182
571
470
338
92
21
51
87
744
5
432
617
707
283
769
162
532
773
837
910
440
955
199
527
383
786
273
144
417
326
184
829
949
684
613
937
590
184
700
59
606
18
441
321
846
288
430
453
353
36
582
681
187
334
603
163
239
185
209
100
856
853
593
18
271
390
750
36
263
555
183
215
751
216
447
38
295
282
634
102
538
972
999
864
546
15
449
105
487
128
353
618
898
136
383
231
766
202
10
192
472
978
442
642
338
965
823
308
498
422
734
174
282
337
901
405
594
764
576
516
211
832
180
259
316
168
89
363
531
557
198
184
419
340
9
351
995
616
350
985
328
211
512
124
377
970
615
994
629
744
596
138
903
150
756
801
537
33
55
765
246
322
510
46
649
946
763
929
873
409
419
430
1
15
495
434
520
452
198
16
410
886
154
129
304
8
781
476
530
907
722
503
500
112
174
157
165
788
856
31
528
771
3
110
482
526
483
426
461
195
563
551
594
105
981
719
388
926
459
815
51
512
644
170
825
235
113
77
858
910
157
319
400
596
832
57
203
453
734
17
922
14
260
677
584
781
933
141
737
789
438
724
761
947
500
241
228
634
867
719
210
11
109
445
612
678
395
766
16
345
859
46
305
543
856
838
435
142
576
835
885
762
995
504
982
667
627
283
590
37
900
96
454
899
173
632
492
359
363
147
542
555
955
26
677
332
545
66
179
259
709
392
391
400
196
342
504
931
136
349
474
528
949
217
993
180
834
265
885
487
324
781
47
896
41
502
929
668
868
837
279
486
3
50
493
744
244
621
5
88
453
713
647
819
810
9
594
741
170
890
556
863
18
556
506
469
444
292
963
893
631
4
817
598
10
362
957
942
673
247
933
867
689
707
271
680
588
796
674
165
913
729
933
844
434
282
24
120
438
911
920
936
693
953
826
835
430
911
561
46
602
404
190
560
19
338
780
970
895
292
742
871
866
598
243
138
772
403
592
369
773
442
88
795
957
911
136
460
864
276
317
411
388
85
997
549
983
463
1
271
273
374
576
43
423
220
964
797
150
476
334
213
560
823
142
950
793
351
329
874
115
494
531
587
987
840
901
140
503
346
739
958
972
110
475
992
810
149
613
769
801
50
379
15
415
913
866
703
982
260
576
580
782
532
439
105
888
15
348
778
983
692
96
474
42
445
393
374
968
717
640
850
798
188
496
838
820
181
281
708
359
61
897
165
447
360
585
434
73
121
918
717
894
280
886
558
771
18
97
6
219
111
52
525
959
48
801
404
204
445
289
673
670
916
653
36
511
20
777
876
560
546
179
492
203
903
365
17
218
677
454
358
701
223
584
20
685
507
559
547
957
86
341
220
900
938
427
62
214
814
588
866
618
449
172
742
555
395
737
629
362
852
318
290
577
147
630
268
716
451
0
619
889
51
586
688
737
96
535
807
520
523
170
396
994
571
367
662
244
152
522
842
28
45
519
278
603
173
89
754
930
640
195
723
555
563
667
603
450
739
520
678
198
813
781
666
486
338
54
103
105
931
388
351
497
299
965
707
132
112
839
628
396
864
576
18
166
656
629
929
495
398
636
282
199
133
229
957
51
916
967
277
772
780
41
254
969
427
51
729
412
657
871
604
1
278
913
456
634
49
558
250
482
464
337
632
176
245
897
384
579
641
893
681
334
961
919
233
752
118
859
241
186
29
224
322
225
530
472
549
84
399
725
275
734
950
464
649
712
415
108
396
643
802
556
194
397
97
151
10
557
363
915
714
933
708
120
907
115
71
876
463
48
352
940
192
3001
685
465
281
60
194
881
421
389
301
644
51
236
787
973
167
299
831
575
180
959
144
475
454
34
286
721
695
234
911
267
645
197
540
604
251
411
22
533
88
766
842
784
563
698
638
222
139
804
19
540
366
998
697
867
274
545
172
136
592
996
352
415
96
768
59
782
210
830
679
212
39
912
328
418
260
826
831
340
168
931
476
943
979
957
47
658
627
799
694
893
263
562
256
746
752
314
447
116
659
954
979
826
552
885
801
883
321
295
358
116
762
885
107
677
929
768
228
237
334
36
597
284
828
610
565
940
61
198
617
966
631
659
650
817
897
667
660
177
386
91
749
325
129
746
819
762
484
497
185
767
676
541
85
623
623
754
405
138
612
829
218
527
577
904
176
756
140
442
419
532
971
266
900
633
809
312
501
254
714
418
542
176
141
25
864
423
144
202
912
205
921
173
714
718
373
753
420
913
604
517
98
934
640
548
128
398
684
167
816
25
46
990
277
722
175
448
864
371
0
918
361
607
358
669
595
492
436
388
213
247
470
686
460
449
604
330
262
608
501
566
321
101
789
917
188
969
328
380
487
238
569
27
335
965
50
340
472
762
328
775
75
587
324
833
509
870
109
942
32
803
67
898
598
933
680
858
355
827
545
967
973
607
503
463
62
358
68
353
43
362
925
169
151
967
230
59
122
165
769
188
155
709
974
810
337
823
421
272
204
444
417
405
665
244
336
638
100
504
606
483
798
160
717
671
970
717
927
729
825
9
524
534
646
928
76
11
469
901
945
518
878
678
506
408
335
448
875
293
18
304
713
795
249
374
887
986
459
263
877
921
91
209
832
11
888
313
475
191
502
435
924
230
773
849
915
56
938
223
314
547
328
725
473
502
82
812
796
587
128
306
524
690
267
653
157
884
65
344
571
417
453
377
475
512
853
486
392
192
580
241
114
300
519
694
987
782
604
202
690
640
136
323
685
427
942
464
752
365
826
157
357
935
982
736
394
807
433
219
548
45
726
426
639
152
1
108
826
26
386
709
380
701
286
67
12
537
753
234
505
133
159
84
241
485
740
231
792
607
601
37
25
266
864
384
813
261
986
89
890
549
216
807
746
612
72
639
609
476
72
207
970
738
760
784
909
356
977
291
330
284
536
951
9
438
883
633
912
268
822
84
641
487
896
621
827
798
897
154
561
105
335
817
96
218
799
52
462
708
486
948
372
51
126
321
373
982
697
67
480
729
703
713
899
664
137
40
32
911
901
117
39
904
403
890
882
184
566
761
840
589
78
743
899
259
126
155
258
746
238
525
745
576
515
338
602
930
335
583
14
854
602
658
402
947
317
78
893
895
358
898
383
559
761
152
829
98
909
574
746
705
679
247
612
854
909
580
990
971
679
560
642
449
364
587
142
406
305
511
440
741
717
168
917
567
421
331
423
15
490
482
740
802
669
373
97
650
801
950
908
307
537
963
707
812
924
447
921
205
482
691
507
787
321
957
980
209
351
188
756
263
771
390
107
286
638
184
752
456
882
689
512
563
657
651
939
155
671
512
354
369
742
116
133
8
116
578
521
473
489
393
588
538
464
970
551
904
368
50
910
248
587
632
320
568
772
415
479
157
333
191
599
306
940
761
235
632
347
91
710
547
229
605
576
100
270
200
554
345
458
656
203
645
469
281
713
444
592
557
332
374
444
752
603
175
413
668
135
798
163
165
835
655
657
81
85
19
939
462
613
353
7
130
697
107
77
278
862
346
207
220
939
116
206
345
504
313
807
123
365
64
323
289
620
444
931
459
86
462
291
359
65
736
298
190
586
886
971
134
889
619
148
490
916
406
626
476
527
801
759
418
738
891
609
582
567
675
243
760
248
387
464
561
609
96
949
661
800
20
571
726
310
35
693
187
213
227
965
933
266
134
875
897
327
345
882
500
653
551
193
295
441
30
883
553
189
853
336
265
116
568
809
477
52
868
656
745
555
684
514
205
612
357
825
796
215
119
128
903
562
782
623
103
280
341
324
427
946
791
147
361
464
661
464
686
608
995
79
512
767
805
375
577
376
23
394
139
464
123
189
52
507
303
237
628
362
181
785
50
693
594
161
645
933
917
762
146
251
582
248
800
295
257
314
122
650
296
464
328
920
946
131
768
69
644
498
340
343
903
101
928
354
601
234
635
781
974
934
713
856
531
961
192
537
160
210
255
407
262
923
117
479
153
640
918
482
973
970
685
728
624
335
69
480
325
903
776
8
889
183
386
119
859
168
392
696
158
857
211
548
56
877
895
694
336
6
662
147
147
891
79
168
28
556
145
125
376
456
65
270
847
267
645
767
832
565
73
586
897
244
188
58
827
953
36
406
809
522
709
846
228
413
826
112
871
993
205
624
274
432
532
515
665
518
131
462
853
234
551
210
330
779
485
416
769
209
942
24
494
827
378
447
730
192
46
295
964
674
189
406
34
354
199
440
919
300
68
654
771
81
513
514
114
677
12
488
109
950
780
673
672
172
832
498
946
341
340
39
401
949
394
131
401
459
44
775
454
98
866
137
135
655
412
860
111
671
998
777
914
751
878
190
480
954
600
48
440
734
171
284
210
128
441
730
466
863
990
764
80
235
548
881
612
717
377
319
260
841
437
421
164
134
595
745
139
24
172
692
615
492
265
793
622
293
297
935
181
797
230
472
921
609
651
309
11
797
113
463
420
278
463
48
159
701
811
764
81
599
164
930
781
910
117
475
344
978
210
877
0
176
344
984
294
715
79
937
313
783
85
398
268
693
568
947
432
28
93
84
843
340
913
11
443
938
871
131
189
929
243
240
706
326
359
561
516
978
603
887
312
169
775
252
96
223
288
786
756
357
222
43
797
153
273
628
832
515
370
831
209
260
908
155
403
177
217
457
691
757
797
931
416
964
935
579
218
212
43
616
735
565
848
421
802
211
372
862
931
351
628
319
349
411
108
577
658
343
93
977
595
474
509
625
618
298
333
803
998
410
331
103
911
865
868
90
826
801
602
933
418
186
998
244
648
934
936
869
714
923
294
760
492
486
210
303
755
65
657
66
564
188
174
98
478
341
852
835
274
715
476
896
359
655
974
548
228
402
756
93
647
994
902
479
161
895
452
935
852
359
825
283
236
360
812
454
129
602
507
985
790
751
284
667
196
271
495
833
546
964
595
668
790
273
577
165
747
879
814
76
987
276
278
838
513
336
258
85
571
46
667
137
234
674
970
823
539
773
605
134
667
498
602
854
22
731
311
708
513
357
18
368
800
766
802
561
911
482
12
62
174
398
696
509
320
815
650
67
45
989
737
759
722
365
197
334
634
370
992
274
704
917
244
846
980
593
284
361
292
533
56
499
73
719
800
301
250
887
572
543
751
562
797
863
284
13
194
749
695
49
911
395
957
891
51
661
567
704
450
920
29
610
138
762
307
731
473
575
537
506
99
681
793
880
588
823
213
799
920
966
247
504
650
200
314
630
902
185
318
159
944
437
488
538
326
702
629
406
746
367
133
125
322
657
730
858
108
389
649
42
344
729
332
812
607
273
743
384
323
527
419
946
625
515
161
412
371
246
412
899
104
847
798
391
48
86
434
759
468
791
623
385
184
822
469
28
503
811
693
764
268
19
136
568
684
325
752
235
560
172
837
302
312
861
451
402
477
942
421
652
955
482
526
42
523
832
378
104
594
662
271
125
235
406
172
299
873
299
8
101
947
169
70
792
384
21
807
860
203
619
155
392
15
481
280
171
749
804
492
151
639
85
971
590
817
560
381
27
919
121
973
81
20
269
277
266
159
838
806
356
745
767
586
629
992
765
118
822
626
265
16
650
880
5
903
841
985
957
787
653
665
105
896
795
120
752
2
659
188
472
494
758
11
566
882
923
347
459
591
472
103
407
486
258
314
80
530
899
199
275
221
473
494
145
457
443
531
301
586
654
988
603
899
518
988
752
923
578
974
32
259
415
438
524
205
592
168
976
780
522
189
656
300
726
736
404
798
844
162
110
709
871
475
654
926
253
515
753
5
378
325
538
572
422
508
555
929
344
33
379
141
318
667
27
389
376
669
205
133
0
814
694
698
501
548
22
816
177
209
849
492
720
934
127
416
761
459
996
259
49
574
566
190
852
177
172
981
12
893
960
383
861
244
146
180
726
490
626
165
259
644
299
422
662
582
306
156
982
952
25
978
86
264
122
831
739
885
774
429
205
402
156
215
763
670
255
862
815
107
485
49
822
995
183
261
864
905
175
642
122
719
135
449
361
197
738
722
84
234
992
32
526
269
381
999
705
84
121
13
17
869
324
612
436
529
398
1
974
277
423
545
564
532
959
177
413
720
34
712
800
701
805
346
917
860
15
653
911
52
232
504
575
223
184
268
763
566
459
350
885
575
74
640
112
941
483
14
966
779
174
611
556
26
119
296
300
546
344
615
157
661
935
941
26
971
967
348
315
778
521
56
228
893
333
711
920
391
637
855
443
967
561
420
967
513
412
108
196
28
840
145
799
638
600
907
47
760
592
464
236
342
295
254
923
306
976
515
700
626
517
307
28
702
893
573
9
255
681
482
137
802
844
165
182
406
798
280
950
410
860
411
476
348
154
393
820
759
582
773
323
880
558
944
982
341
508
81
704
212
445
928
912
516
47
814
272
230
631
947
510
637
293
318
971
641
117
515
993
785
102
734
491
230
797
30
911
724
310
905
748
86
432
922
581
839
119
403
849
682
783
201
114
579
611
558
845
114
818
334
566
838
462
900
116
724
931
69
150
565
135
873
79
778
883
742
272
430
302
139
848
814
727
342
780
692
623
577
117
990
988
103
379
954
130
847
922
800
530
567
89
941
401
807
267
54
625
844
495
252
151
442
591
668
876
319
257
9
729
329
778
868
898
608
358
753
630
256
385
629
584
763
813
845
8
717
807
607
892
337
926
739
636
491
996
290
591
176
595
330
586
41
168
980
770
397
394
758
487
90
323
53
590
724
602
431
699
856
471
621
716
826
496
716
507
439
305
103
195
249
624
164
552
191
463
778
552
390
830
261
263
48
862
659
860
653
518
423
790
132
267
979
63
347
887
100
463
873
372
251
666
299
712
372
798
741
180
946
532
959
882
81
680
339
895
343
736
115
174
461
825
127
388
391
513
987
545
693
475
821
859
987
444
500
431
474
805
694
85
764
783
701
626
152
248
879
456
456
422
602
482
293
769
209
805
203
848
710
229
100
628
12
23
246
269
566
422
974
660
477
190
822
743
100
529
904
438
549
41
29
255
896
189
112
814
860
531
770
187
886
754
187
542
236
381
9
984
349
200
402
313
730
566
829
666
309
973
426
578
51
864
726
683
555
788
641
953
71
96
111
435
757
133
749
94
618
571
246
862
385
9
725
986
739
786
910
563
696
968
465
8
985
208
722
735
287
245
555
525
598
952
629
240
905
454
352
917
740
439
898
228
976
676
626
849
97
923
862
308
658
990
360
55
257
15
31
375
181
646
229
359
358
658
548
527
890
697
113
778
231
660
187
443
125
264
551
468
152
856
856
575
415
344
118
546
374
987
156
776
352
790
507
601
51
287
48
816
242
340
438
590
249
981
550
465
159
782
597
242
281
220
42
873
421
183
384
193
662
132
866
119
591
116
423
502
921
796
449
663
527
536
650
333
901
5
767
249
968
46
319
553
786
603
137
56
341
673
771
316
561
55
660
178
544
431
794
292
718
871
591
548
358
118
836
463
540
698
738
115
984
106
717
64
620
375
704
12
200
635
427
639
617
490
859
288
850
950
985
825
268
171
652
26
124
718
292
155
557
609
344
438
908
249
700
530
842
677
938
480
342
859
20
409
577
386
646
581
992
325
50
592
718
39
644
746
141
779
706
9
269
73
360
240
184
896
289
582
327
661
284
34
543
351
475
882
225
339
741
824
547
746
482
49
410
782
403
257
156
354
95
734
728
89
938
287
418
848
559
25
759
820
132
359
729
501
461
464
473
251
962
284
739
283
190
377
623
969
935
65
131
822
611
313
289
128
83
738
645
363
969
44
480
720
381
490
724
233
480
236
604
933
482
692
625
129
30
662
699
289
439
167
246
277
775
423
4
784
743
885
977
836
34
44
14
998
551
22
831
320
845
197
450
482
16
627
198
618
972
418
949
804
773
176
488
454
642
921
57
667
352
595
28
650
301
982
775
200
265
77
62
45
316
482
865
839
893
373
357
770
142
450
969
878
44
934
579
293
0
280
405
504
929
91
903
184
615
722
703
39
792
297
242
596
145
937
942
543
560
250
307
884
655
155
245
99
553
682
294
623
815
903
363
753
457
376
78
499
806
770
330
377
534
604
496
66
487
636
269
929
56
159
256
598
67
676
186
54
280
938
297
894
642
579
348
214
363
436
278
974
235
259
168
437
348
782
915
395
604
188
33
107
644
204
233
38
155
532
992
916
839
283
249
366
270
705
984
489
662
961
289
671
186
304
232
165
779
237
550
311
127
189
355
484
886
39
269
77
484
643
984
18
696
450
977
14
301
866
634
183
500
483
938
76
831
494
723
157
773
364
743
996
379
547
163
506
790
981
80
586
45
918
554
11
632
639
532
92
722
123
788
620
434
833
978
914
551
77
160
220
599
710
876
810
644
543
929
450
771
699
644
880
349
737
630
16
574
797
390
207
397
486
152
684
758
809
277
861
923
397
617
136
75
301
130
21
318
580
946
754
476
319
399
515
625
104
157
155
761
396
388
443
758
576
426
44
36
46
833
134
556
573
388
601
326
228
715
412
69
631
670
598
399
148
899
950
3001
381
995
793
528
692
400
604
623
969
977
169
811
511
84
34
335
461
13
902
969
881
681
278
942
885
472
848
896
539
371
136
294
740
236
92
388
616
373
113
723
337
842
946
398
262
102
762
276
425
687
458
944
841
781
431
257
749
61
341
976
362
350
37
173
232
684
742
645
762
974
529
750
604
266
765
86
389
408
653
105
154
423
379
367
668
843
8
996
821
537
999
489
43
523
99
691
244
931
456
532
508
869
490
629
43
864
933
854
802
908
183
834
725
449
262
892
547
484
262
786
252
906
665
379
42
629
809
20
908
625
525
621
510
366
437
592
950
228
366
544
441
143
159
714
313
121
48
818
54
674
338
607
78
543
720
683
44
763
776
299
621
920
386
902
534
269
449
460
544
272
487
189
953
495
424
169
913
333
220
531
868
937
360
437
69
906
660
123
499
331
440
989
627
134
536
357
230
149
376
147
79
977
950
296
781
211
125
209
921
320
553
731
862
700
905
264
708
772
154
958
892
896
467
660
529
787
582
230
692
109
91
612
857
459
204
723
654
0
371
840
621
520
286
918
84
149
559
62
425
603
500
773
246
442
626
417
854
477
86
29
521
141
852
538
350
176
817
902
822
898
708
773
133
506
671
456
475
767
847
160
181
326
831
16
224
824
554
199
755
828
623
977
582
140
463
951
34
943
493
632
507
843
411
259
392
45
259
624
394
502
339
909
351
58
30
118
466
638
324
549
804
855
227
951
847
773
37
663
863
547
400
988
7
623
427
329
206
444
544
980
810
916
505
690
120
879
782
136
14
576
618
274
641
612
18
283
381
202
552
189
130
701
539
963
678
333
59
588
165
481
264
535
744
677
641
53
256
977
705
52
867
222
739
577
927
189
47
963
88
62
661
321
43
999
60
369
863
109
652
368
336
331
373
639
17
767
63
542
587
605
2
657
672
417
352
899
388
352
960
531
953
47
51
15
88
607
406
978
415
351
101
231
190
522
373
106
537
554
929
687
458
52
11
992
306
690
997
849
937
690
538
931
244
159
390
67
177
419
840
992
380
638
894
69
74
456
786
807
197
555
679
490
770
918
459
21
295
987
736
169
292
518
705
531
995
377
776
379
676
5
65
521
906
771
920
407
793
980
220
669
729
60
345
890
263
373
133
611
597
424
717
10
861
153
761
257
553
394
133
204
750
755
834
190
244
738
673
981
210
986
721
318
687
680
483
896
463
970
928
542
747
253
732
923
98
43
261
144
592
976
186
371
134
655
826
526
968
905
269
138
719
724
31
332
266
947
967
634
235
374
717
102
9
295
531
36
541
195
243
445
698
937
58
42
119
530
733
418
91
82
586
280
960
837
633
926
470
969
968
941
26
693
271
668
600
701
147
883
379
940
424
286
147
784
666
477
873
494
601
290
373
362
824
662
141
489
253
525
152
520
870
353
508
930
885
444
50
889
510
598
39
473
299
539
137
536
10
424
184
341
769
311
591
719
282
650
7
907
449
655
505
729
907
652
933
927
825
566
732
740
408
253
517
535
165
201
199
828
588
808
17
853
137
855
912
433
707
428
785
867
400
702
708
951
362
559
502
745
315
387
157
614
338
230
140
470
761
807
417
368
292
444
794
276
754
888
573
619
568
354
962
973
716
273
847
933
754
166
957
680
235
354
494
22
576
347
269
227
580
232
780
205
614
80
439
532
383
932
930
387
458
598
474
572
10
255
91
555
788
716
609
777
850
575
7
840
418
267
952
285
902
551
100
831
581
203
581
766
143
9
821
903
607
454
618
557
102
969
87
643
236
608
721
266
340
953
447
299
48
677
164
867
595
267
952
86
296
855
474
547
467
274
336
909
926
485
367
271
89
881
499
894
58
990
450
690
883
537
393
923
440
553
844
940
743
745
561
534
832
673
664
916
62
626
576
102
443
126
103
403
659
863
899
645
25
30
508
110
461
264
629
676
531
909
751
355
76
760
806
909
928
932
16
773
165
531
376
210
887
87
737
5
803
285
220
949
183
590
150
247
834
967
288
740
637
427
771
283
118
941
463
353
784
809
53
361
402
57
114
881
537
355
731
723
651
937
396
836
137
99
742
943
671
696
207
973
348
239
998
937
520
7
50
617
395
405
29
970
806
355
694
501
101
507
522
680
49
963
724
95
288
440
182
803
379
249
156
349
644
948
741
695
655
838
364
933
660
102
215
366
819
120
575
701
684
61
487
638
816
141
721
827
784
534
395
17
474
70
986
276
757
533
650
220
296
471
212
82
662
656
81
239
830
159
907
458
306
65
40
66
735
628
498
635
204
25
468
638
653
497
230
658
164
81
27
382
386
158
583
579
500
186
257
501
748
179
928
762
989
934
152
433
572
541
72
984
612
388
134
56
590
226
190
111
288
235
231
395
154
852
504
854
779
289
571
354
440
912
893
427
489
894
703
456
903
595
643
981
692
541
950
832
887
556
116
206
964
172
711
781
593
452
342
655
744
88
7
203
42
124
477
86
595
354
544
888
468
245
463
377
683
985
430
322
794
376
640
764
900
659
263
312
920
523
357
981
241
751
572
170
15
807
868
280
957
390
828
34
289
980
706
714
200
688
399
305
648
970
675
565
595
751
877
415
913
176
48
362
752
190
413
639
138
286
807
809
164
499
173
316
708
115
207
24
90
728
198
51
123
890
328
64
974
437
47
840
641
733
454
929
873
970
591
706
188
47
644
927
905
1
637
189
940
594
663
398
73
923
898
830
37
635
391
518
282
616
2
599
459
17
703
527
65
616
652
706
536
453
493
117
671
82
876
668
590
93
733
623
824
530
928
408
549
374
266
578
663
616
793
948
1
978
288
540
187
550
155
820
462
14
911
753
970
850
920
744
755
259
713
837
152
646
778
421
671
95
237
747
281
755
940
795
45
838
346
95
672
446
789
223
931
515
771
775
329
999
46
581
536
842
31
381
850
824
812
780
719
741
344
766
360
445
527
246
719
607
402
106
843
40
544
25
847
91
806
519
313
700
333
32
876
913
54
753
871
900
215
674
407
549
616
891
372
329
293
527
921
118
538
539
718
549
615
356
260
846
842
963
196
639
840
929
564
106
970
848
820
651
513
334
195
147
869
747
833
947
418
564
12
212
844
83
589
342
365
566
760
437
13
990
248
799
494
58
105
809
923
299
644
347
944
178
192
878
448
776
604
748
243
331
308
404
195
796
317
693
651
144
722
948
396
28
176
626
971
987
149
166
286
861
504
581
174
979
996
674
272
927
829
644
301
332
72
441
57
745
650
204
599
2
615
724
804
716
402
305
812
784
971
143
663
492
552
634
321
804
188
174
20
749
875
305
973
873
608
998
107
921
828
295
487
429
180
450
143
262
79
339
274
218
396
978
641
592
642
28
950
562
89
98
856
39
201
139
744
653
874
20
814
748
720
88
93
220
340
512
399
240
467
98
521
74
680
151
193
477
991
630
319
508
883
865
399
576
968
179
77
57
15
526
76
889
166
647
30
803
491
52
0
696
592
738
406
141
871
904
59
655
4
765
953
600
473
901
649
814
509
799
477
900
634
81
249
653
277
522
61
130
157
350
948
814
192
994
508
103
731
357
18
31
72
710
489
548
761
844
375
403
319
299
648
681
976
712
892
832
908
399
138
58
448
527
651
603
656
472
807
423
652
38
283
284
657
923
833
671
277
234
787
868
285
765
771
537
580
312
863
976
879
735
458
926
645
899
382
536
581
279
816
426
57
627
604
5
64
899
144
373
230
57
782
299
119
128
364
348
851
491
109
710
963
642
633
478
591
664
292
151
801
314
509
759
649
622
277
126
763
641
856
493
148
656
542
710
867
412
692
304
700
791
95
571
132
699
592
505
716
357
317
575
418
290
664
753
540
826
310
655
262
443
229
776
864
626
953
9
33
263
94
350
204
806
805
615
86
5
74
545
966
661
547
234
875
170
467
473
632
577
690
984
539
201
811
850
796
228
732
735
342
21
366
747
661
650
754
96
289
328
422
438
325
757
935
700
561
271
742
451
124
701
808
786
160
881
548
364
985
367
395
314
331
200
866
520
211
212
925
950
154
66
636
528
50
180
399
560
109
219
711
854
679
962
863
114
852
851
803
341
484
406
202
224
451
802
913
195
86
305
30
479
40
518
27
344
931
486
952
659
502
474
18
253
535
135
932
344
429
303
166
813
542
2
65
640
734
221
390
600
19
820
654
891
866
570
329
538
280
36
180
503
19
297
802
408
445
848
772
785
696
124
610
676
410
310
703
843
572
53
144
62
655
185
216
676
115
729
249
268
401
93
114
680
65
302
106
267
814
191
845
546
859
280
929
883
184
100
816
963
146
283
911
484
248
609
809
274
827
493
186
981
470
295
121
201
632
958
629
129
416
710
171
401
640
687
932
139
733
94
463
319
238
786
203
234
710
241
819
589
320
165
650
822
211
195
767
579
574
871
995
943
313
605
684
642
802
718
68
687
674
705
349
42
85
959
339
354
165
965
30
626
59
109
359
929
546
124
776
514
336
27
517
705
614
19
65
172
1
398
126
845
943
165
850
335
884
416
813
453
391
120
630
333
760
430
873
34
2
46
585
678
598
399
763
951
128
710
864
928
701
14
173
523
813
790
269
448
269
427
587
195
237
973
570
345
98
295
840
682
609
296
113
653
188
954
334
358
746
153
506
533
403
896
417
4
516
913
455
637
595
236
800
702
26
456
46
624
586
759
810
758
292
947
398
646
154
313
522
218
350
108
932
496
270
623
183
979
799
412
801
725
539
242
618
607
408
184
878
683
25
546
902
996
141
487
156
821
660
711
729
394
498
231
736
164
669
972
135
78
740
495
917
500
856
1
424
459
811
702
18
490
227
879
224
94
78
848
86
500
301
651
117
533
273
338
977
140
118
466
779
960
387
478
355
430
191
869
199
538
591
339
963
92
322
477
884
680
898
5
724
142
95
395
983
81
212
636
823
963
638
449
364
261
567
51
440
266
47
378
780
58
117
859
836
192
564
182
571
470
338
92
21
51
87
744
5
432
617
707
283
769
162
532
773
837
910
440
955
199
527
383
786
273
144
417
326
184
829
949
684
613
937
590
184
700
59
606
18
441
321
846
288
430
453
353
36
582
681
187
334
603
163
239
185
209
100
856
853
593
18
271
390
750
36
263
555
183
215
751
216
447
38
295
282
634
102
538
972
999
864
546
15
449
105
487
128
353
618
898
136
383
231
766
202
10
192
472
978
442
642
338
965
823
308
498
422
734
174
282
337
901
405
594
764
576
516
211
832
180
259
316
168
89
363
531
557
198
184
419
340
9
351
995
616
350
985
328
211
512
124
377
970
615
994
629
744
596
138
903
150
756
801
537
33
55
765
246
322
510
46
649
946
763
929
873
409
419
430
1
15
495
434
520
452
198
16
410
886
154
129
304
8
781
476
530
907
722
503
500
112
174
157
165
788
856
31
528
771
3
110
482
526
483
426
461
195
563
551
594
105
981
719
388
926
459
815
51
512
644
170
825
235
113
77
858
910
157
319
400
596
832
57
203
453
734
17
922
14
260
677
584
781
933
141
737
789
438
724
761
947
500
241
228
634
867
719
210
11
109
445
612
678
395
766
16
345
859
46
305
543
856
838
435
142
576
835
885
762
995
504
982
667
627
283
590
37
900
96
454
899
173
632
492
359
363
147
542
555
955
26
677
332
545
66
179
259
709
392
391
400
196
342
504
931
136
349
474
528
949
217
993
180
834
265
885
487
324
781
47
896
41
502
929
668
868
837
279
486
3
50
493
744
244
621
5
88
453
713
647
819
810
9
594
741
170
890
556
863
18
556
506
469
444
292
963
893
631
4
817
598
10
362
957
942
673
247
933
867
689
707
271
680
588
796
674
165
913
729
933
844
434
282
24
120
438
911
920
936
693
953
826
835
430
911
561
46
602
404
190
560
19
338
780
970
895
292
742
871
866
598
243
138
772
403
592
369
773
442
88
795
957
911
136
460
864
276
317
411
388
85
997
549
983
463
1
271
273
374
576
43
423
220
964
797
150
476
334
213
560
823
142
950
793
351
329
874
115
494
531
587
987
840
901
140
503
346
739
958
972
110
475
992
810
149
613
769
801
50
379
15
415
913
866
703
982
260
576
580
782
532
439
105
888
15
348
778
983
692
96
474
42
445
393
374
968
717
640
850
798
188
496
838
820
181
281
708
359
61
897
165
447
360
585
434
73
121
918
717
894
280
886
558
771
18
97
6
219
111
52
525
959
48
801
404
204
445
289
673
670
916
653
36
511
20
777
876
560
546
179
492
203
903
365
17
218
677
454
358
701
223
584
20
685
507
559
547
957
86
341
220
900
938
427
62
214
814
588
866
618
449
172
742
555
395
737
629
362
852
318
290
577
147
630
268
716
451
0
619
889
51
586
688
737
96
535
807
520
523
170
396
994
571
367
662
244
152
522
842
28
45
519
278
603
173
89
754
930
640
195
723
555
563
667
603
450
739
520
678
198
813
781
666
486
338
54
103
105
931
388
351
497
299
965
707
132
112
839
628
396
864
576
18
166
656
629
929
495
398
636
282
199
133
229
957
51
916
967
277
772
780
41
254
969
427
51
729
412
657
871
604
1
278
913
456
634
49
558
250
482
464
337
632
176
245
897
384
579
641
893
681
334
961
919
233
752
118
859
241
186
29
224
322
225
530
472
549
84
399
725
275
734
950
464
649
712
415
108
396
643
802
556
194
397
97
151
10
557
363
915
714
933
708
120
907
115
71
876
463
48
352
940
192
